1.93927 1.89418 7.3967 7.3369 
2.03929 1.89427 7.39672 7.33692 
2.13947 1.89431 7.39673 7.33695 
2.23927 1.89443 7.39675 7.33698 
2.33927 1.8945 7.39677 7.33701 
2.43927 1.89463 7.39676 7.33701 
2.53927 1.89472 7.39677 7.33702 
2.64222 1.89483 7.39681 7.33706 
2.74524 1.8949 7.39686 7.3371 
2.83943 1.89498 7.39691 7.33713 
2.9395 1.89503 7.39695 7.33716 
3.03928 1.89509 7.39697 7.33719 
3.13927 1.89515 7.39697 7.33721 
3.23927 1.89524 7.39699 7.33722 
3.33928 1.8953 7.39701 7.33726 
3.43927 1.89543 7.39706 7.33731 
3.53927 1.89552 7.3971 7.33733 
3.63926 1.89565 7.39713 7.33737 
3.73927 1.89581 7.39714 7.33738 
3.83927 1.89591 7.39714 7.3374 
3.93983 1.89606 7.39716 7.33741 
4.03927 1.89616 7.39718 7.33744 
4.14182 1.89624 7.39721 7.33745 
4.23942 1.89636 7.39726 7.33748 
4.33927 1.89648 7.39729 7.3375 
4.43927 1.89657 7.39732 7.33755 
4.53926 1.8967 7.39735 7.33758 
4.63927 1.89679 7.39736 7.33762 
4.73927 1.89685 7.39739 7.33766 
4.83927 1.89692 7.39742 7.33768 
4.93987 1.89697 7.39745 7.33771 
5.03931 1.89703 7.39748 7.33773 
5.13927 1.89708 7.39752 7.33776 
5.23927 1.89715 7.39756 7.33778 
5.33928 1.8972 7.39759 7.33781 
5.43927 1.89726 7.39762 7.33782 
5.53927 1.89729 7.39765 7.33784 
5.63927 1.89734 7.39768 7.33784 
5.73927 1.89735 7.39768 7.33782 
5.83927 1.89739 7.39768 7.3378 
5.93927 1.89742 7.39768 7.33779 
6.03927 1.89749 7.39769 7.33779 
6.13927 1.89754 7.3977 7.3378 
6.23927 1.8976 7.39772 7.33782 
6.33927 1.89765 7.39772 7.33785 
6.43928 1.89769 7.39771 7.33788 
6.53927 1.89775 7.39769 7.33793 
6.63927 1.89778 7.39766 7.33796 
6.73926 1.89778 7.39763 7.33798 
6.83927 1.89777 7.39761 7.33798 
6.93926 1.89777 7.39761 7.33798 
7.03927 1.89777 7.39762 7.33799 
7.13931 1.89777 7.39765 7.33802 
7.23926 1.8978 7.39768 7.33805 
7.33927 1.89782 7.39771 7.33808 
7.43926 1.89784 7.39773 7.3381 
7.53928 1.89787 7.39777 7.3381 
7.63927 1.89792 7.3978 7.33811 
7.73927 1.898 7.39784 7.33813 
7.83929 1.89805 7.39788 7.33815 
7.93926 1.89812 7.3979 7.33813 
8.03927 1.89818 7.39793 7.33816 
8.13927 1.89823 7.39794 7.33818 
8.23927 1.89825 7.39794 7.33821 
8.33927 1.89826 7.39795 7.33824 
8.43927 1.89826 7.39797 7.33828 
8.53927 1.89826 7.39797 7.33828 
8.63927 1.89825 7.39798 7.33829 
8.73927 1.89824 7.39797 7.33831 
8.83927 1.89824 7.39795 7.33834 
8.93927 1.89823 7.39795 7.33836 
9.03927 1.89823 7.39795 7.3384 
9.13927 1.89823 7.39794 7.33843 
9.23927 1.89826 7.39794 7.33855 
9.33927 1.8983 7.39796 7.33864 
9.43928 1.89838 7.39797 7.33876 
9.53927 1.89844 7.39799 7.33883 
9.63928 1.89855 7.39805 7.33893 
9.73926 1.89864 7.39812 7.33901 
9.83927 1.89867 7.39817 7.33903 
9.93927 1.89865 7.39821 7.33893 
10.0393 1.89865 7.39824 7.33894 
10.1393 1.89869 7.39826 7.33898 
10.2393 1.89875 7.39825 7.33905 
10.3393 1.8988 7.39824 7.3391 
10.44 1.89885 7.39823 7.33915 
10.5393 1.89885 7.39823 7.33914 
10.6393 1.89886 7.39824 7.33919 
10.7393 1.8989 7.39823 7.33928 
10.8393 1.89894 7.39821 7.33938 
10.9393 1.89892 7.39816 7.33932 
11.0425 1.89892 7.39812 7.3393 
11.1397 1.89893 7.39809 7.33932 
11.2393 1.89891 7.39806 7.33933 
11.3393 1.8989 7.39803 7.3394 
11.4393 1.89892 7.39802 7.33946 
11.5393 1.89894 7.39802 7.33951 
11.6393 1.89894 7.398 7.33948 
11.7393 1.89896 7.39799 7.33945 
11.8393 1.89898 7.39798 7.33946 
11.9393 1.899 7.39798 7.33947 
12.0394 1.89903 7.39802 7.3395 
12.1393 1.89909 7.39806 7.33952 
12.2393 1.89915 7.39808 7.33952 
12.3393 1.8992 7.39808 7.3395 
12.4393 1.89926 7.39807 7.33948 
12.5393 1.8993 7.39805 7.33949 
12.6393 1.89932 7.39805 7.33951 
12.7393 1.89934 7.39807 7.33955 
12.8393 1.89939 7.39811 7.33958 
12.9393 1.89945 7.39812 7.33959 
13.0393 1.89947 7.39808 7.33956 
13.1393 1.89947 7.39747 7.33953 
13.2393 1.89969 7.39479 7.33928 
13.3393 1.90107 7.39047 7.33738 
13.4393 1.90279 7.38397 7.33452 
13.5393 1.90603 7.37624 7.32991 
13.6393 1.9069 7.35941 7.3224 
13.7393 1.91009 7.34573 7.31214 
13.8393 1.91144 7.32299 7.29964 
13.9393 1.91364 7.30614 7.28757 
14.0393 1.91485 7.28415 7.27573 
14.1393 1.91709 7.25134 7.2533 
14.2393 1.91875 7.22929 7.23889 
14.3393 1.92154 7.19103 7.21213 
14.4393 1.92302 7.16341 7.19259 
14.5393 1.92488 7.11865 7.15967 
14.6393 1.92507 7.08677 7.13616 
14.7393 1.91747 7.03585 7.10214 
14.8393 1.90875 6.99977 7.08033 
14.9393 1.89299 6.94272 7.04563 
15.0393 1.88195 6.90274 7.02173 
15.1393 1.86802 6.83973 6.98231 
15.2441 1.86436 6.79579 6.95213 
15.3393 1.86466 6.7274 6.90316 
15.4393 1.86645 6.68034 6.86873 
15.5393 1.86863 6.6081 6.81456 
15.6393 1.8703 6.55843 6.77671 
15.7393 1.87194 6.50837 6.73791 
15.8393 1.8752 6.42957 6.67344 
15.9393 1.87783 6.38383 6.64014 
16.0393 1.87978 6.31066 6.58115 
16.1393 1.87849 6.2644 6.54278 
16.2393 1.86976 6.19679 6.48582 
16.3393 1.86342 6.15359 6.4512 
16.4393 1.8596 6.08858 6.39827 
16.5393 1.864 6.04603 6.35953 
16.6393 1.87646 5.98712 6.30315 
16.7393 1.88355 5.94422 6.26321 
16.8393 1.88691 5.88721 6.20421 
16.9393 1.88493 5.85301 6.16551 
17.0393 1.88003 5.79891 6.10266 
17.1393 1.87866 5.76349 6.06083 
17.2393 1.88136 5.71316 5.99896 
17.3393 1.88279 5.67993 5.95894 
17.4393 1.87565 5.6279 5.89953 
17.5393 1.86907 5.59524 5.86306 
17.6393 1.8626 5.55148 5.8118 
17.7393 1.86118 5.5209 5.77587 
17.8393 1.86991 5.47436 5.72005 
17.9393 1.88234 5.44376 5.68088 
18.0393 1.89562 5.39648 5.62393 
18.1393 1.89593 5.3685 5.58802 
18.2393 1.89027 5.32416 5.54116 
18.3393 1.88494 5.29505 5.50959 
18.4393 1.87885 5.2509 5.46157 
18.5393 1.8762 5.22083 5.42708 
18.6393 1.86698 5.17491 5.37683 
18.7393 1.85875 5.14496 5.34085 
18.8393 1.85165 5.10266 5.29056 
18.9393 1.84748 5.07275 5.25699 
19.0393 1.84535 5.03023 5.21255 
19.1393 1.85058 5.00105 5.17886 
19.2393 1.86681 4.958 5.12999 
19.3393 1.87834 4.92976 5.09593 
19.4393 1.8952 4.88675 5.04611 
19.5393 1.90048 4.85663 5.01153 
19.6393 1.89898 4.81144 4.96573 
19.7393 1.89546 4.78084 4.93396 
19.8393 1.88718 4.73579 4.88796 
19.9393 1.88032 4.70594 4.85639 
20.0393 1.86695 4.65911 4.80681 
20.1393 1.85626 4.63139 4.77789 
20.2393 1.8419 4.58597 4.73115 
20.3393 1.84252 4.55904 4.70228 
20.4393 1.85584 4.52564 4.66647 
20.5393 1.86921 4.50414 4.6417 
20.6393 1.88656 4.47713 4.61122 
20.7393 1.89468 4.4577 4.58766 
20.8393 1.8939 4.42896 4.55774 
20.9393 1.88707 4.40692 4.53481 
21.0393 1.8765 4.37833 4.50537 
21.1393 1.87186 4.34705 4.47387 
21.2393 1.86632 4.30695 4.43304 
21.3393 1.86333 4.27718 4.40045 
21.4393 1.86414 4.23288 4.35396 
21.5393 1.87037 4.20317 4.32158 
21.6393 1.88263 4.15764 4.27734 
21.7393 1.89138 4.12604 4.2443 
21.8393 1.89693 4.07147 4.19082 
21.9393 1.8935 4.04004 4.15779 
22.0393 1.88213 4.00285 4.11931 
22.1393 1.87569 3.98294 4.09751 
22.2393 1.86942 3.9453 4.06049 
22.3393 1.87076 3.91719 4.03083 
22.4393 1.88526 3.8722 3.98528 
22.5393 1.89587 3.84172 3.95489 
22.6393 1.90538 3.79847 3.91198 
22.7393 1.908 3.77594 3.88819 
22.8393 1.90669 3.74267 3.85257 
22.9393 1.90389 3.72019 3.82646 
23.0393 1.90024 3.68359 3.78008 
23.1393 1.8996 3.65487 3.74363 
23.2393 1.89376 3.61498 3.69379 
23.3393 1.88774 3.5881 3.66264 
23.4393 1.88647 3.54655 3.61988 
23.5393 1.89005 3.51434 3.58858 
23.6393 1.89494 3.47315 3.5489 
23.7393 1.90389 3.42809 3.50669 
23.8405 1.90924 3.37065 3.45247 
23.9393 1.90628 3.32361 3.41102 
24.0393 1.90213 3.28607 3.36922 
24.1393 1.89467 3.22431 3.30569 
24.2393 1.88848 3.1784 3.24786 
24.3393 1.88521 3.13498 3.21462 
24.4405 1.89188 3.0895 3.17049 
24.5393 1.90628 3.04215 3.12785 
24.6393 1.91661 3.00048 3.08874 
24.7393 1.93471 2.93559 3.02531 
24.8393 1.94631 2.88866 2.98173 
24.9393 1.96308 2.82048 2.91436 
25.0393 1.97692 2.77287 2.86904 
25.1393 2.00147 2.70349 2.80116 
25.2393 2.01946 2.65563 2.75692 
25.3404 2.04858 2.58048 2.68814 
25.4397 2.06599 2.53371 2.6416 
25.5393 2.09338 2.45781 2.57126 
25.6393 2.11115 2.40712 2.52449 
25.7393 2.13866 2.33213 2.45422 
25.8393 2.15812 2.27944 2.40158 
25.9393 2.18368 2.20608 2.33135 
26.0393 2.1992 2.15808 2.28426 
26.1393 2.22535 2.09259 2.2127 
26.2393 2.24765 2.05503 2.1713 
26.3393 2.28578 2.01555 2.12691 
26.4393 2.3141 1.97225 2.08225 
26.5393 2.3558 1.93927 2.04556 
26.6393 2.38422 1.90195 2.00666 
26.7393 2.42492 1.87604 1.97569 
26.8393 2.45449 1.84807 1.94388 
26.9393 2.50105 1.83295 1.92315 
27.0393 2.53563 1.81383 1.90137 
27.1393 2.58271 1.80493 1.89135 
27.2393 2.63083 1.79376 1.87721 
27.3393 2.66767 1.78808 1.8702 
27.4393 2.72899 1.78207 1.86179 
27.5393 2.77113 1.77902 1.85696 
27.6393 2.83462 1.77395 1.84788 
27.7393 2.87532 1.76967 1.83985 
27.8393 2.93298 1.76302 1.82609 
27.9393 2.96928 1.75856 1.81669 
28.0393 3.02242 1.75214 1.80255 
28.1393 3.05698 1.74848 1.79368 
28.2393 3.10784 1.75012 1.78752 
28.3393 3.14074 1.74285 1.77704 
28.4393 3.18798 1.74354 1.77182 
28.5393 3.21749 1.73496 1.76219 
28.6393 3.2591 1.73471 1.75697 
28.7393 3.28492 1.72442 1.74834 
28.8393 3.32114 1.72433 1.74442 
28.9393 3.34306 1.71557 1.73928 
29.0393 3.37302 1.71568 1.73749 
29.1393 3.39054 1.70768 1.73604 
29.2393 3.41356 1.70856 1.73666 
29.3393 3.42634 1.70639 1.73811 
29.4393 3.44233 1.70558 1.74197 
29.5393 3.45284 1.7051 1.74781 
29.6393 3.4585 1.70666 1.75297 
29.7393 3.461 1.70823 1.76279 
29.8393 3.46323 1.71523 1.77231 
29.9393 3.46155 1.72075 1.7807 
30.0393 3.45582 1.73092 1.79531 
30.1393 3.44988 1.73945 1.80594 
30.2393 3.4375 1.75433 1.82345 
30.3393 3.42713 1.76565 1.83637 
30.4393 3.4082 1.7846 1.8575 
30.5393 3.39309 1.79862 1.87242 
30.6393 3.36755 1.81683 1.88844 
30.7393 3.34794 1.83892 1.91358 
30.8393 3.3157 1.86694 1.94056 
30.9393 3.29213 1.88719 1.9596 
31.0393 3.254 1.91269 1.97967 
31.1393 3.22666 1.94416 2.01056 
31.2393 3.18478 1.98332 2.04467 
31.3393 3.15735 2.01207 2.0697 
31.4393 3.11796 2.04983 2.09918 
31.5393 3.09305 2.09342 2.14033 
31.6393 3.0573 2.14638 2.18823 
31.7393 3.03302 2.18235 2.22104 
31.8393 2.99463 2.23598 2.26942 
31.9393 2.96799 2.27117 2.30088 
32.0393 2.92948 2.32325 2.35098 
32.1393 2.90762 2.35963 2.3889 
32.2393 2.87867 2.41705 2.45098 
32.3393 2.86025 2.45619 2.49504 
32.4393 2.83253 2.51605 2.56341 
32.5393 2.81332 2.55693 2.60869 
32.6393 2.78139 2.61754 2.67502 
32.7393 2.75845 2.65595 2.71921 
32.8393 2.7233 2.71149 2.78789 
32.9393 2.6995 2.74683 2.83565 
33.0393 2.66401 2.78907 2.89411 
33.1393 2.64044 2.83119 2.96077 
33.2393 2.60511 2.87099 3.02208 
33.3393 2.58247 2.91233 3.08914 
33.4393 2.55249 2.95696 3.15037 
33.5393 2.53496 3.00362 3.21534 
33.6393 2.50875 3.05624 3.27974 
33.7393 2.49565 3.10289 3.34332 
33.8393 2.47364 3.15687 3.40719 
33.9393 2.45934 3.21026 3.47529 
34.0393 2.43829 3.2687 3.54061 
34.1393 2.42506 3.32696 3.60953 
34.2393 2.40632 3.38991 3.67575 
34.3393 2.39485 3.45183 3.74517 
34.4393 2.3786 3.51763 3.81219 
34.5393 2.36845 3.58162 3.88165 
34.6393 2.35355 3.64881 3.94874 
34.7393 2.34387 3.7142 4.01778 
34.8393 2.3296 3.78219 4.08442 
34.9393 2.32066 3.84863 4.15208 
35.0393 2.30751 3.91706 4.21759 
35.1393 2.29952 3.98374 4.28339 
35.2393 2.28789 4.05488 4.35018 
35.3393 2.28066 4.12054 4.41149 
35.4393 2.26997 4.19006 4.473 
35.5393 2.26378 4.24079 4.51493 
35.6393 2.25454 4.31717 4.58123 
35.7393 2.24893 4.36478 4.61977 
35.8393 2.24064 4.43556 4.6787 
35.9393 2.23548 4.48073 4.71382 
36.0393 2.22791 4.54535 4.76493 
36.1393 2.22213 4.58852 4.7981 
36.2393 2.21775 4.63329 4.8349 
36.3393 2.20848 4.6852 4.87839 
36.4393 2.20382 4.72374 4.91213 
36.5393 2.19659 4.76567 4.94927 
36.6393 2.19188 4.79276 4.97394 
36.7393 2.1851 4.83465 5.01067 
36.8393 2.18047 4.86195 5.03605 
36.9393 2.1722 4.90408 5.0738 
37.0394 2.16734 4.94284 5.10699 
37.1393 2.16028 4.98742 5.14958 
37.2393 2.15554 5.01695 5.17679 
37.3393 2.14873 5.05998 5.21684 
37.4393 2.1443 5.089 5.24431 
37.5393 2.13684 5.13559 5.28535 
37.6393 2.13198 5.16829 5.31551 
37.7393 2.12546 5.21357 5.36076 
37.8393 2.12099 5.24427 5.39007 
37.9393 2.11449 5.28947 5.43292 
38.0393 2.11045 5.31918 5.46229 
38.1393 2.10413 5.36535 5.5073 
38.2393 2.09982 5.3965 5.53645 
38.3394 2.09611 5.42752 5.5676 
38.4393 2.08974 5.47471 5.61346 
38.5393 2.08311 5.52198 5.65947 
38.6393 2.07869 5.55141 5.68804 
38.7393 2.07123 5.5993 5.72673 
38.8393 2.06722 5.63022 5.76466 
38.9393 2.06082 5.6764 5.81 
39.0393 2.05652 5.70773 5.84083 
39.1393 2.05006 5.7468 5.88092 
39.2393 2.04563 5.78603 5.91882 
39.3393 2.03889 5.82589 5.95901 
39.4393 2.03419 5.86414 5.99508 
39.5393 2.02737 5.9127 6.042 
39.6393 2.023 5.94348 6.07183 
39.7393 2.01623 5.99146 6.11917 
39.8393 2.01199 6.02223 6.14907 
39.9393 2.00776 6.05454 6.18215 
40.0393 2.00049 6.10367 6.22927 
40.1393 1.99611 6.13585 6.26037 
40.2393 1.98958 6.18512 6.30863 
40.3393 1.98518 6.21424 6.33529 
40.4393 1.9786 6.26192 6.38193 
40.5393 1.97428 6.2945 6.4149 
40.6393 1.9674 6.34601 6.46628 
40.7393 1.9629 6.37618 6.49392 
40.8393 1.95603 6.4249 6.54054 
40.9393 1.95143 6.45788 6.57116 
41.0393 1.9451 6.50343 6.61604 
41.1393 1.94079 6.53647 6.64833 
41.2393 1.93359 6.58768 6.697 
41.3393 1.92943 6.61929 6.72857 
41.4393 1.92538 6.65275 6.76743 
41.5393 1.92005 6.69999 6.80879 
41.6393 1.92156 6.74703 6.8544 
41.7393 1.923 6.77846 6.88706 
41.8393 1.92351 6.82634 6.93608 
41.9393 1.92118 6.86043 6.96956 
42.0393 1.91501 6.90911 7.01378 
42.1393 1.91077 6.93969 7.04112 
42.2393 1.90953 6.98269 7.07663 
42.3393 1.91109 7.01104 7.09966 
42.4393 1.91143 7.05143 7.1344 
42.5393 1.91186 7.07834 7.15933 
42.6393 1.91244 7.11784 7.19523 
42.7393 1.91255 7.14212 7.2174 
42.8393 1.91333 7.17359 7.2446 
42.9393 1.91571 7.19334 7.26024 
43.0393 1.92034 7.22295 7.28368 
43.1393 1.92275 7.24179 7.30006 
43.2393 1.92477 7.26866 7.32334 
43.3393 1.92511 7.28595 7.33805 
43.4393 1.92497 7.31012 7.35834 
43.5393 1.92545 7.32284 7.3693 
43.6393 1.92542 7.3377 7.37577 
43.7393 1.92739 7.35035 7.38636 
43.8393 1.92782 7.36418 7.3941 
43.9393 1.92908 7.37519 7.40436 
44.0393 1.92767 7.38587 7.40987 
44.1393 1.92753 7.39312 7.41649 
44.2393 1.92613 7.39967 7.41805 
44.3393 1.92538 7.40304 7.41797 
44.4393 1.92492 7.40726 7.4172 
44.5393 1.92445 7.40849 7.41548 
44.6393 1.92381 7.41047 7.41491 
44.7393 1.92354 7.41098 7.41521 
44.8393 1.9233 7.41151 7.41633 
44.9393 1.92345 7.41135 7.41724 
45.0393 1.92362 7.41085 7.41736 
45.1393 1.9234 7.41067 7.41666 
45.2393 1.92325 7.41029 7.41595 
45.3393 1.92315 7.40982 7.41529 
45.4393 1.92326 7.40967 7.41541 
45.5393 1.92347 7.40984 7.41609 
45.6393 1.92353 7.41012 7.41655 
45.7393 1.92349 7.4104 7.41672 
45.8393 1.92344 7.4104 7.41645 
45.9393 1.92334 7.41015 7.41581 
46.0393 1.92339 7.40998 7.41552 
46.1393 1.92353 7.40988 7.41556 
46.2393 1.92365 7.41003 7.4158 
46.3393 1.92368 7.41026 7.41609 
46.4393 1.92257 7.41052 7.41575 
46.5393 1.92061 7.41057 7.41482 
46.6393 1.91696 7.41048 7.41299 
46.7393 1.91345 7.41035 7.4113 
46.8393 1.9067 7.40964 7.40852 
46.9393 1.90189 7.40864 7.4065 
47.0393 1.89679 7.40744 7.40292 
47.1393 1.8983 7.40534 7.40036 
47.2393 1.89918 7.40323 7.39638 
47.3393 1.90303 7.40061 7.39386 
47.4393 1.9039 7.39778 7.39036 
47.5393 1.90555 7.39447 7.38811 
47.6393 1.90269 7.39132 7.38452 
47.7393 1.90212 7.38846 7.38208 
47.8393 1.89887 7.38555 7.37832 
47.9393 1.89112 7.38248 7.37585 
48.0393 1.88485 7.37979 7.37301 
48.1393 1.88853 7.37834 7.37173 
48.2429 1.89294 7.3773 7.37013 
48.3393 1.89874 7.37657 7.36894 
48.4393 1.89921 7.37556 7.367 
48.5393 1.89842 7.37459 7.36566 
48.6393 1.89283 7.37326 7.36393 
48.7393 1.89034 7.37237 7.3631 
48.8393 1.89101 7.37183 7.36228 
48.9393 1.89124 7.37107 7.36171 
49.0416 1.88799 7.36994 7.36073 
49.1402 1.88761 7.36928 7.36012 
49.2393 1.88819 7.36895 7.35925 
49.3393 1.89026 7.36903 7.35882 
49.4393 1.89247 7.36912 7.35838 
49.5393 1.89368 7.3691 7.35816 
49.6393 1.89284 7.36883 7.35778 
49.7393 1.89133 7.36832 7.35747 
49.8412 1.89078 7.36803 7.35704 
49.9393 1.89169 7.36805 7.35681 
50.0393 1.89209 7.36804 7.35652 
50.1393 1.89404 7.36815 7.35638 
50.2393 1.89448 7.3681 7.35623 
50.3393 1.89433 7.36794 7.35615 
50.4393 1.89371 7.36773 7.35595 
50.5393 1.89371 7.36767 7.35586 
50.6393 1.89387 7.36766 7.35576 
50.7393 1.89473 7.36772 7.35568 
50.8393 1.89528 7.36771 7.35554 
50.9393 1.89572 7.36765 7.35543 
51.0393 1.89551 7.3675 7.35524 
51.1408 1.89528 7.36739 7.3551 
51.2393 1.89525 7.36737 7.35499 
51.3393 1.89556 7.36746 7.35495 
51.4393 1.89601 7.36753 7.35494 
51.5393 1.89645 7.36759 7.35492 
51.6401 1.89661 7.36758 7.35489 
51.7393 1.89655 7.36755 7.3548 
51.8393 1.89648 7.36754 7.35474 
51.9393 1.89652 7.3676 7.3547 
52.0393 1.89666 7.36766 7.35469 
52.1393 1.89693 7.36772 7.35466 
52.2393 1.89711 7.36774 7.35464 
52.3393 1.89718 7.36775 7.35463 
52.4393 1.89712 7.36777 7.35462 
52.5393 1.89703 7.36781 7.35465 
52.6393 1.89704 7.36787 7.35469 
52.7393 1.89717 7.36795 7.35474 
52.8393 1.89732 7.36801 7.35478 
52.9393 1.89749 7.36806 7.35482 
53.0393 1.89755 7.36808 7.35483 
53.1393 1.89755 7.36808 7.35485 
53.2393 1.89753 7.36808 7.35488 
53.3393 1.89755 7.3681 7.35494 
53.4393 1.89761 7.36814 7.355 
53.5393 1.89768 7.36819 7.35505 
53.6393 1.89778 7.36822 7.35509 
53.7393 1.89782 7.3682 7.35508 
53.8393 1.89785 7.36817 7.35506 
53.9393 1.89787 7.36814 7.35503 
54.0393 1.89793 7.36813 7.35502 
54.1393 1.898 7.36813 7.35503 
54.2393 1.89812 7.36814 7.35503 
54.3393 1.89818 7.36813 7.35504 
54.4393 1.89824 7.36811 7.35503 
54.5393 1.89828 7.36807 7.35501 
54.6393 1.89833 7.36804 7.35501 
54.7393 1.89836 7.36803 7.35501 
54.8393 1.89842 7.36801 7.35502 
54.9393 1.89845 7.36802 7.35503 
55.0393 1.8985 7.36803 7.35504 
55.1393 1.89853 7.36804 7.35502 
55.2393 1.89856 7.36803 7.35501 
55.3393 1.89858 7.36803 7.355 
55.4393 1.89861 7.36803 7.355 
55.5393 1.89864 7.36806 7.35501 
55.6393 1.89866 7.36809 7.35503 
55.7393 1.89866 7.3681 7.35503 
55.8393 1.89867 7.3681 7.35502 
55.9393 1.89868 7.3681 7.355 
56.0393 1.89869 7.3681 7.35499 
56.1393 1.89871 7.36808 7.35498 
56.2393 1.89874 7.36808 7.35499 
56.3393 1.89876 7.36809 7.35499 
56.4393 1.8988 7.3681 7.35499 
56.5393 1.89882 7.36811 7.35496 
56.6393 1.89884 7.36812 7.35494 
56.7393 1.89885 7.3681 7.35491 
56.8393 1.89888 7.36812 7.3549 
56.9393 1.8989 7.36812 7.3549 
57.04 1.89895 7.36813 7.35491 
57.1393 1.89899 7.36812 7.35491 
57.2393 1.89904 7.36809 7.35489 
57.3393 1.89906 7.36807 7.35487 
57.4393 1.89908 7.36806 7.35485 
57.5393 1.89908 7.36806 7.35485 
57.6393 1.89909 7.36805 7.35486 
57.7393 1.89911 7.36805 7.35485 
57.8393 1.89916 7.36805 7.35485 
57.9393 1.89919 7.36805 7.35484 
58.0393 1.89924 7.36804 7.35483 
58.1393 1.89926 7.36805 7.35484 
58.2393 1.89927 7.36806 7.35486 
58.3393 1.89929 7.36806 7.35488 
58.4393 1.89931 7.36803 7.35491 
58.5397 1.8993 7.36741 7.35491 
58.6393 1.89929 7.36479 7.35474 
58.7393 1.8993 7.36126 7.35389 
58.8393 1.89998 7.35249 7.35001 
58.9393 1.90103 7.34454 7.34539 
59.0393 1.90343 7.3292 7.33519 
59.1393 1.90555 7.31679 7.32614 
59.2393 1.90934 7.29524 7.30954 
59.3393 1.91221 7.27873 7.29627 
59.4393 1.91687 7.25534 7.27798 
59.5393 1.92017 7.2303 7.25566 
59.6393 1.92532 7.19636 7.22608 
59.7393 1.9288 7.17169 7.20423 
59.8393 1.93409 7.13154 7.16815 
59.9393 1.9376 7.10263 7.14178 
60.0393 1.94275 7.05643 7.09917 
60.1393 1.94592 7.02365 7.06865 
60.2393 1.95045 6.97148 7.01964 
60.3393 1.95305 6.93473 6.98479 
60.4393 1.95628 6.87713 6.92929 
60.5393 1.95772 6.8368 6.89008 
60.6393 1.95908 6.77382 6.82825 
60.7393 1.9592 6.73024 6.78513 
60.8393 1.95839 6.6625 6.71787 
60.9393 1.95678 6.61597 6.67146 
61.0393 1.95337 6.5511 6.6054 
61.1393 1.94807 6.48853 6.53855 
61.2393 1.94312 6.44392 6.48803 
61.3393 1.9336 6.37855 6.41228 
61.4393 1.9266 6.33477 6.3626 
61.5393 1.91491 6.27035 6.28944 
61.6393 1.90683 6.22758 6.24177 
61.7393 1.90227 6.18608 6.19523 
61.8393 1.90902 6.1292 6.13157 
61.9393 1.91731 6.09132 6.08583 
62.0393 1.92621 6.04335 6.0285 
62.1393 1.92673 6.00787 5.98719 
62.2393 1.91724 5.95988 5.92341 
62.3393 1.90539 5.90926 5.88425 
62.4407 1.89067 5.86418 5.82658 
62.5393 1.88216 5.82409 5.78875 
62.6393 1.88149 5.77648 5.73395 
62.7393 1.88861 5.74592 5.68955 
62.8393 1.90246 5.70468 5.64364 
62.9393 1.90688 5.66249 5.59511 
63.0393 1.90534 5.63127 5.55214 
63.1393 1.903 5.58992 5.5202 
63.2393 1.8955 5.5527 5.46848 
63.3393 1.89062 5.51486 5.4356 
63.4393 1.88719 5.47904 5.39199 
63.5393 1.88066 5.44223 5.35214 
63.6393 1.87791 5.40716 5.31442 
63.7393 1.88456 5.37144 5.27722 
63.8393 1.89291 5.33745 5.23867 
63.9393 1.90308 5.30522 5.20242 
64.0393 1.90589 5.27851 5.17244 
64.1393 1.90529 5.2458 5.13567 
64.2393 1.8982 5.20851 5.09618 
64.3393 1.89381 5.17557 5.06088 
64.4393 1.88866 5.13754 5.02102 
64.5393 1.88287 5.09723 4.97826 
64.6393 1.88 5.06881 4.94889 
64.7399 1.88543 5.02987 4.91077 
64.8393 1.89275 5.0014 4.86964 
64.9393 1.89964 4.96007 4.83394 
65.0393 1.90144 4.93219 4.79578 
65.1393 1.90026 4.89781 4.75296 
65.2393 1.89548 4.86099 4.72291 
65.3393 1.89188 4.8321 4.69095 
65.4393 1.88616 4.78718 4.6437 
65.5393 1.8799 4.75858 4.61234 
65.6393 1.87643 4.71228 4.56437 
65.7393 1.87901 4.68429 4.53643 
65.8393 1.88207 4.64041 4.4921 
65.9393 1.88218 4.61064 4.46456 
66.0393 1.88068 4.56699 4.43094 
66.1393 1.87797 4.53623 4.40712 
66.2393 1.87401 4.48938 4.37327 
66.3393 1.87447 4.46243 4.35462 
66.4393 1.87759 4.42587 4.33328 
66.5393 1.88015 4.39115 4.30711 
66.6393 1.88386 4.35251 4.28665 
66.7393 1.88606 4.31764 4.25644 
66.8393 1.88816 4.2796 4.22258 
66.9393 1.88809 4.24318 4.1844 
67.0393 1.88599 4.20912 4.14945 
67.1393 1.88366 4.17193 4.11114 
67.2393 1.87967 4.14139 4.07584 
67.3393 1.87547 4.10243 4.03337 
67.4393 1.87141 4.07542 3.99974 
67.5393 1.86815 4.03584 3.94347 
67.6393 1.86986 4.01144 3.9088 
67.7393 1.87154 3.97408 3.86345 
67.8393 1.87153 3.94896 3.83875 
67.9393 1.87292 3.91367 3.79824 
68.0393 1.87337 3.88902 3.76912 
68.1393 1.87314 3.84418 3.72275 
68.2393 1.87373 3.81391 3.692 
68.3393 1.87564 3.76903 3.65031 
68.4393 1.87677 3.73916 3.62639 
68.5393 1.87891 3.69056 3.59425 
68.6393 1.87991 3.65472 3.56769 
68.7393 1.88039 3.59319 3.51941 
68.8393 1.88206 3.54984 3.48994 
68.9393 1.88654 3.48148 3.44832 
69.0393 1.88938 3.43693 3.41978 
69.1393 1.89378 3.36935 3.3729 
69.2393 1.89756 3.32594 3.34157 
69.3393 1.90433 3.25866 3.28631 
69.4393 1.90993 3.2143 3.24873 
69.5393 1.92156 3.14218 3.18907 
69.6393 1.93057 3.09168 3.14805 
69.7393 1.94523 3.01815 3.08938 
69.8393 1.95636 2.96544 3.0469 
69.9393 1.96837 2.89553 2.99442 
70.0393 1.97816 2.84764 2.94147 
70.1393 1.98996 2.77115 2.88771 
70.2393 1.99866 2.71819 2.82816 
70.3393 2.00977 2.63603 2.77158 
70.4393 2.01752 2.58108 2.71265 
70.5393 2.02813 2.50045 2.65363 
70.6393 2.03444 2.44913 2.59368 
70.7393 2.044 2.37011 2.53405 
70.8393 2.04852 2.31727 2.47462 
70.9393 2.05713 2.23727 2.4216 
71.0393 2.06175 2.18108 2.36368 
71.1393 2.06772 2.13682 2.32096 
71.2393 2.07779 2.07113 2.24792 
71.3393 2.08495 2.03726 2.20468 
71.4393 2.09635 1.98577 2.14089 
71.5393 2.10564 1.95064 2.10224 
71.6393 2.12205 1.89966 2.05374 
71.7393 2.13348 1.86685 2.0237 
71.8393 2.14852 1.82272 1.97824 
71.9393 2.15719 1.79434 1.94521 
72.0393 2.16984 1.75606 1.89859 
72.1393 2.17868 1.73193 1.87073 
72.2393 2.19509 1.69771 1.83477 
72.3393 2.20864 1.67642 1.81577 
72.4393 2.23273 1.65267 1.79145 
72.5393 2.25003 1.64188 1.77559 
72.6393 2.27757 1.63334 1.75269 
72.7393 2.29626 1.62983 1.73923 
72.8393 2.32572 1.62257 1.72457 
72.9393 2.34646 1.6155 1.71758 
73.0393 2.3765 1.60472 1.71364 
73.1393 2.40126 1.60152 1.70915 
73.2393 2.43267 1.60552 1.70245 
73.3393 2.45235 1.61258 1.69363 
73.4393 2.4789 1.61824 1.67195 
73.5393 2.4941 1.61302 1.65688 
73.6418 2.51195 1.59483 1.64154 
73.7393 2.52509 1.58183 1.63116 
73.8393 2.54319 1.57039 1.62956 
73.9393 2.5558 1.56901 1.62987 
74.0393 2.57488 1.57055 1.62858 
74.1393 2.58743 1.56791 1.62289 
74.2393 2.6036 1.55319 1.61132 
74.3393 2.61711 1.54272 1.6002 
74.4393 2.6347 1.53362 1.59608 
74.5393 2.6458 1.52914 1.5914 
74.6393 2.66023 1.52567 1.58861 
74.7393 2.66903 1.52837 1.58027 
74.8393 2.6828 1.53252 1.57813 
74.9393 2.6927 1.53241 1.5708 
75.0393 2.70689 1.52993 1.57373 
75.1393 2.71629 1.52471 1.5707 
75.2393 2.72895 1.51808 1.57604 
75.3393 2.73814 1.51898 1.57437 
75.4394 2.75296 1.52145 1.57712 
75.5393 2.7626 1.52828 1.57823 
75.6393 2.77414 1.52229 1.57723 
75.7393 2.77746 1.51593 1.58192 
75.8393 2.7854 1.50548 1.58724 
75.9393 2.78986 1.50201 1.59694 
76.0404 2.8021 1.50139 1.60453 
76.1393 2.81126 1.50919 1.61537 
76.2393 2.82873 1.51222 1.61816 
76.3393 2.8367 1.51157 1.61546 
76.4393 2.8506 1.50722 1.61289 
76.5393 2.85292 1.49862 1.61112 
76.6393 2.8598 1.49481 1.61061 
76.7393 2.8717 1.49314 1.61024 
76.8393 2.89009 1.4974 1.61151 
76.9393 2.89582 1.49278 1.61149 
77.0393 2.91815 1.49692 1.61229 
77.1393 2.92716 1.48868 1.61552 
77.2393 2.95229 1.49237 1.62038 
77.3393 2.96201 1.48273 1.62649 
77.4393 2.98521 1.48856 1.62938 
77.5393 2.99178 1.47752 1.63469 
77.6393 3.01305 1.48019 1.63832 
77.7393 3.02361 1.47522 1.64172 
77.8393 3.04288 1.4725 1.64799 
77.9393 3.0552 1.46828 1.65415 
78.0393 3.07345 1.46143 1.6642 
78.1393 3.08526 1.45515 1.67291 
78.2393 3.10252 1.44879 1.6838 
78.3393 3.11385 1.44443 1.69168 
78.4393 3.12933 1.44082 1.70077 
78.5393 3.13865 1.43768 1.70797 
78.6393 3.15103 1.43543 1.71735 
78.7393 3.15768 1.43424 1.7236 
78.8393 3.16541 1.43525 1.73121 
78.9393 3.16858 1.43717 1.73543 
79.0393 3.17085 1.44385 1.73935 
79.1393 3.17154 1.45007 1.742 
79.2393 3.17179 1.46253 1.74613 
79.3393 3.17134 1.47228 1.7495 
79.4393 3.16823 1.48997 1.75321 
79.5393 3.16295 1.50212 1.75475 
79.6393 3.15149 1.52282 1.75511 
79.7393 3.14165 1.53801 1.7545 
79.8393 3.12202 1.56125 1.75213 
79.9393 3.10707 1.57814 1.75002 
80.0393 3.08113 1.60521 1.74588 
80.1393 3.06159 1.6241 1.74278 
80.2393 3.02793 1.6523 1.73749 
80.3393 3.00319 1.67097 1.73392 
80.4393 2.9645 1.70298 1.72911 
80.5393 2.93783 1.72716 1.72746 
80.6393 2.89938 1.75762 1.72681 
80.7393 2.87527 1.78634 1.72783 
80.8397 2.83982 1.82273 1.72964 
80.9393 2.81779 1.85635 1.73096 
81.0393 2.77991 1.89369 1.73233 
81.1393 2.7541 1.92249 1.73298 
81.2393 2.7135 1.96475 1.73343 
81.3393 2.68704 1.99878 1.73341 
81.4393 2.64532 2.03858 1.73339 
81.5393 2.61936 2.07043 1.73349 
81.6393 2.58092 2.10956 1.72925 
81.7393 2.55514 2.15243 1.7364 
81.8408 2.53144 2.20388 1.74481 
81.9393 2.48997 2.23872 1.74571 
82.0393 2.45081 2.29351 1.75467 
82.1393 2.42515 2.33177 1.76218 
82.2394 2.38745 2.39128 1.77546 
82.3393 2.36253 2.43164 1.78611 
82.4393 2.32664 2.49378 1.80508 
82.5393 2.30374 2.53597 1.81989 
82.6393 2.27076 2.60033 1.84538 
82.7393 2.24898 2.6447 1.86474 
82.8393 2.21582 2.71293 1.89761 
82.9393 2.19378 2.75982 1.92231 
83.0393 2.16106 2.83138 1.96389 
83.1393 2.13953 2.8793 1.99466 
83.2393 2.10653 2.94862 2.04474 
83.3393 2.08247 3.00116 2.08516 
83.4423 2.06394 3.0574 2.12594 
83.5393 2.03061 3.11756 2.18234 
83.6393 2.01524 3.17442 2.22363 
83.7393 1.98365 3.23889 2.28802 
83.8393 1.9689 3.29435 2.33262 
83.9393 1.93927 3.35893 2.40162 
84.0393 1.92596 3.41391 2.44909 
84.1393 1.89838 3.47723 2.52195 
84.2393 1.88716 3.53366 2.57142 
84.3393 1.87086 3.58723 2.62783 
84.4393 1.852 3.66024 2.70404 
84.5393 1.83985 3.70861 2.75555 
84.6393 1.82472 3.78227 2.83314 
84.7393 1.81475 3.82987 2.88531 
84.8393 1.80238 3.90156 2.96322 
84.9393 1.79517 3.94984 3.01535 
85.0393 1.78872 4.02296 3.09138 
85.1393 1.78455 4.07082 3.14198 
85.2418 1.77676 4.13471 3.21765 
85.3393 1.77971 4.19189 3.26624 
85.4393 1.78004 4.26321 3.33932 
85.5395 1.78207 4.31142 3.38648 
85.6397 1.78395 4.37582 3.45744 
85.7393 1.79276 4.44945 3.51764 
85.8393 1.79814 4.49711 3.57086 
85.9393 1.80857 4.55224 3.61474 
86.0393 1.81754 4.61306 3.67776 
86.1393 1.82843 4.66427 3.7194 
86.2393 1.83432 4.7239 3.78442 
86.3393 1.84326 4.77651 3.82907 
86.4393 1.84632 4.82297 3.88042 
86.5393 1.85246 4.89356 3.9514 
86.6393 1.85613 4.94046 4.0005 
86.7393 1.86277 4.98734 4.04375 
86.8393 1.86476 5.04248 4.10836 
86.9393 1.86887 5.08542 4.15207 
87.0393 1.86874 5.13891 4.21677 
87.1393 1.87154 5.18144 4.26095 
87.2393 1.87045 5.23574 4.32618 
87.3393 1.87177 5.28013 4.3722 
87.4393 1.8695 5.32807 4.4348 
87.5393 1.86948 5.36989 4.48274 
87.6393 1.86576 5.40876 4.53865 
87.7393 1.86429 5.46435 4.60239 
87.8393 1.86002 5.49867 4.65511 
87.9393 1.85799 5.54911 4.71366 
88.0393 1.85314 5.58121 4.76466 
88.1393 1.84975 5.62797 4.82328 
88.2393 1.84382 5.65819 4.87576 
88.3393 1.83928 5.70208 4.93553 
88.4393 1.83402 5.73055 4.98542 
88.5393 1.83068 5.77362 5.04175 
88.6393 1.82627 5.80173 5.09156 
88.7393 1.82349 5.84346 5.14583 
88.8393 1.81923 5.86983 5.19519 
88.9393 1.81655 5.90864 5.24655 
89.0393 1.81247 5.9311 5.29288 
89.1393 1.80996 5.96661 5.34248 
89.2393 1.80645 5.98458 5.38471 
89.3393 1.80507 6.01333 5.42678 
89.4393 1.80685 6.03122 5.46878 
89.5393 1.81174 6.05727 5.50837 
89.6393 1.81478 6.07408 5.54859 
89.7393 1.81519 6.0919 5.58153 
89.8393 1.81424 6.11909 5.6232 
89.9393 1.8103 6.13599 5.66322 
90.0393 1.81031 6.16119 5.71214 
90.1393 1.81344 6.17844 5.74473 
90.2393 1.81964 6.20268 5.79119 
90.3393 1.8225 6.21989 5.82343 
90.4426 1.8239 6.2444 5.87082 
90.5393 1.82318 6.26163 5.90307 
90.6393 1.82182 6.28749 5.9547 
90.7393 1.82288 6.30475 5.98773 
90.8393 1.82366 6.32777 6.02613 
90.9393 1.82565 6.34375 6.06682 
91.0393 1.82842 6.36686 6.1067 
91.1393 1.83048 6.38334 6.14674 
91.2393 1.83321 6.40632 6.18721 
91.3393 1.83573 6.42139 6.22744 
91.4393 1.83835 6.43738 6.25729 
91.5393 1.84227 6.45883 6.29858 
91.6393 1.84225 6.47234 6.32805 
91.7393 1.84387 6.49422 6.36903 
91.8393 1.83989 6.50808 6.39829 
91.9393 1.84079 6.53308 6.44202 
92.0393 1.84201 6.54951 6.47092 
92.1393 1.84628 6.57144 6.50807 
92.2393 1.85034 6.58738 6.53457 
92.3393 1.85456 6.60923 6.57071 
92.4393 1.85567 6.62467 6.59485 
92.5393 1.85712 6.64703 6.63109 
92.6393 1.8591 6.66234 6.65555 
92.7393 1.86314 6.67897 6.68268 
92.8393 1.86681 6.70458 6.71322 
92.9573 1.87213 6.72799 6.74405 
93.0393 1.87478 6.7447 6.7652 
93.1393 1.87582 6.76061 6.78744 
93.2393 1.87643 6.78525 6.81505 
93.3393 1.87717 6.80063 6.83417 
93.4393 1.87813 6.82422 6.8588 
93.5393 1.87937 6.84153 6.87697 
93.6393 1.88 6.86456 6.89944 
93.7393 1.87907 6.88049 6.91428 
93.8394 1.87788 6.90533 6.93741 
93.9393 1.87628 6.92224 6.95267 
94.0393 1.87589 6.94568 6.97458 
94.1396 1.87544 6.96252 6.99042 
94.2393 1.8754 6.98098 7.00807 
94.3393 1.87542 7.00673 7.03265 
94.4393 1.8751 7.02329 7.04825 
94.5398 1.87456 7.04207 7.06567 
94.6393 1.87392 7.06589 7.0876 
94.7393 1.87376 7.0833 7.10378 
94.8393 1.87354 7.10804 7.12697 
94.9393 1.8735 7.12443 7.14249 
95.0393 1.87349 7.14953 7.16627 
95.1393 1.87335 7.1725 7.18779 
95.2393 1.87306 7.19025 7.20419 
95.3393 1.87291 7.20676 7.2194 
95.4393 1.87276 7.22698 7.23809 
95.5393 1.87268 7.24019 7.25043 
95.6393 1.87263 7.25687 7.26616 
95.7393 1.87257 7.27017 7.27871 
95.8394 1.87247 7.28334 7.29105 
95.9393 1.8724 7.30073 7.30724 
96.0393 1.87232 7.31675 7.32209 
96.1393 1.87218 7.32693 7.33148 
96.2393 1.87106 7.33909 7.34191 
96.3393 1.86947 7.34735 7.34845 
96.4393 1.8661 7.35907 7.35709 
96.5393 1.86426 7.36725 7.36273 
96.6393 1.86484 7.37836 7.36929 
96.7402 1.86664 7.38608 7.37462 
96.8393 1.8692 7.39213 7.37696 
96.9394 1.87214 7.39814 7.37982 
97.0408 1.8731 7.40399 7.38126 
97.1394 1.87266 7.40791 7.38269 
97.2393 1.8719 7.41118 7.38368 
97.3394 1.87155 7.41601 7.38555 
97.4393 1.87213 7.41864 7.3866 
97.5393 1.87348 7.42077 7.38643 
97.6393 1.87436 7.42129 7.38544 
97.7393 1.87505 7.42119 7.38306 
97.8393 1.87518 7.42072 7.3816 
97.9393 1.87512 7.42065 7.37981 
98.0393 1.87525 7.42092 7.37907 
98.1393 1.87583 7.42178 7.37851 
98.2393 1.87632 7.42245 7.37832 
98.3393 1.87682 7.42306 7.37766 
98.4393 1.87696 7.42308 7.37691 
98.5393 1.87695 7.42285 7.37563 
98.6393 1.87697 7.42282 7.37496 
98.7393 1.87721 7.42305 7.37436 
98.8393 1.87754 7.42342 7.37425 
98.9393 1.87808 7.42407 7.37418 
99.0393 1.87829 7.42437 7.37395 
99.1393 1.87835 7.42449 7.37326 
99.2393 1.87842 7.42447 7.37277 
99.3393 1.87862 7.42447 7.37213 
99.4393 1.87881 7.4246 7.37185 
99.5393 1.87917 7.42505 7.37171 
99.6393 1.87941 7.42531 7.37157 
99.7393 1.87978 7.42478 7.37034 
99.8393 1.87992 7.42387 7.369 
99.9399 1.88009 7.42276 7.3673 
100.039 1.88019 7.42056 7.36469 
100.139 1.88039 7.41857 7.36211 
100.239 1.88056 7.41733 7.36046 
100.339 1.8808 7.41529 7.35777 
100.439 1.88098 7.41361 7.35565 
100.539 1.88105 7.41185 7.35348 
100.639 1.88138 7.40975 7.3509 
100.739 1.8818 7.40853 7.3494 
100.839 1.88248 7.40727 7.3478 
100.939 1.88312 7.40648 7.34671 
101.039 1.88393 7.40554 7.34543 
101.139 1.88433 7.4046 7.34425 
101.24 1.88482 7.40324 7.3426 
101.339 1.88536 7.40273 7.34194 
101.439 1.88585 7.40188 7.34092 
101.539 1.88626 7.40147 7.34038 
101.65 1.88692 7.40093 7.33966 
101.739 1.88731 7.40057 7.33917 
101.839 1.88781 7.39994 7.33836 
101.939 1.88807 7.39964 7.33796 
102.039 1.88851 7.39928 7.3375 
102.14 1.88883 7.39911 7.33725 
102.239 1.88932 7.39887 7.33687 
102.339 1.8896 7.39872 7.33661 
102.612 1.89039 7.39802 7.33561 
102.8 1.89093 7.39784 7.33526 
102.814 1.89093 7.39784 7.33526 
102.921 1.89115 7.39781 7.33515 
103.017 1.89141 7.39775 7.335 
103.112 1.89173 7.39763 7.33478 
103.212 1.89197 7.39753 7.3346 
103.332 1.8923 7.39747 7.33441 
103.412 1.89239 7.39747 7.33438 
103.512 1.89268 7.3975 7.3343 
103.629 1.89294 7.39755 7.33424 
103.784 1.89333 7.39756 7.33414 
103.844 1.89341 7.39755 7.33412 
103.952 1.89367 7.39754 7.33407 
104.012 1.89385 7.39755 7.33407 
104.112 1.89402 7.39757 7.33407 
104.212 1.89421 7.3976 7.33407 
104.323 1.89435 7.39761 7.33407 
104.412 1.89455 7.39764 7.33407 
104.529 1.89472 7.39765 7.33407 
104.612 1.89483 7.39764 7.33406 
104.712 1.89494 7.39764 7.33405 
104.812 1.89505 7.39762 7.33402 
104.912 1.89521 7.39763 7.33399 
105.092 1.89542 7.39758 7.33393 
105.112 1.89547 7.39758 7.33394 
105.212 1.89557 7.39757 7.33393 
105.365 1.89577 7.39755 7.33393 
105.445 1.89587 7.39754 7.33394 
105.522 1.89596 7.39754 7.33393 
105.636 1.89605 7.39754 7.33389 
105.773 1.8962 7.39755 7.33385 
105.812 1.89625 7.39756 7.33385 
105.912 1.89629 7.39757 7.33383 
106.012 1.89639 7.3976 7.33384 
106.112 1.89644 7.39762 7.33383 
106.218 1.89654 7.39766 7.3338 
106.312 1.89659 7.39769 7.33376 
106.412 1.8967 7.39773 7.33373 
106.512 1.89677 7.39776 7.33373 
106.612 1.89687 7.3978 7.33376 
106.712 1.89692 7.39783 7.33376 
106.812 1.89699 7.39787 7.33375 
106.913 1.89706 7.39791 7.33372 
107.012 1.89716 7.39794 7.33372 
107.112 1.89724 7.39796 7.33374 
107.212 1.89733 7.39798 7.33374 
107.312 1.89737 7.39799 7.33375 
107.412 1.89745 7.39801 7.33375 
107.512 1.89749 7.39803 7.33374 
107.612 1.89757 7.39806 7.33374 
107.712 1.89767 7.39806 7.33373 
107.812 1.89775 7.39805 7.33372 
107.912 1.89784 7.39804 7.33373 
108.012 1.8979 7.39802 7.33374 
108.112 1.89799 7.39801 7.33377 
108.212 1.89805 7.39801 7.3338 
108.312 1.89814 7.398 7.33385 
108.412 1.89821 7.39799 7.33389 
108.512 1.89831 7.39798 7.33393 
108.612 1.89838 7.39795 7.33396 
108.712 1.89844 7.39794 7.33399 
108.812 1.89851 7.39793 7.33402 
108.912 1.89852 7.39793 7.33404 
109.012 1.89857 7.39794 7.33405 
109.112 1.89864 7.39796 7.33404 
109.212 1.89871 7.39799 7.33404 
109.312 1.89878 7.39802 7.33402 
109.412 1.8988 7.39804 7.33401 
109.512 1.89881 7.39804 7.33396 
109.612 1.89882 7.39805 7.33394 
109.712 1.89886 7.39805 7.3339 
109.812 1.8989 7.39805 7.33387 
109.912 1.89895 7.39804 7.33385 
110.012 1.89897 7.39804 7.33385 
110.112 1.89899 7.39805 7.33386 
110.212 1.89903 7.39807 7.33388 
110.312 1.89905 7.39807 7.3339 
110.412 1.89908 7.39807 7.33393 
110.512 1.89909 7.39806 7.33395 
110.612 1.8991 7.39804 7.33399 
110.712 1.8991 7.39804 7.33402 
110.812 1.89909 7.39803 7.33407 
110.912 1.8991 7.39804 7.33413 
111.012 1.89913 7.39806 7.33419 
111.112 1.89916 7.39807 7.33424 
111.212 1.8992 7.39806 7.3343 
111.312 1.89924 7.39807 7.33435 
111.432 1.8993 7.39807 7.33443 
111.512 1.89933 7.39806 7.33447 
111.612 1.89937 7.39806 7.33454 
111.712 1.89939 7.39806 7.33459 
111.812 1.89942 7.39806 7.33463 
111.912 1.89942 7.39806 7.33464 
112.012 1.89943 7.39806 7.33463 
112.112 1.89941 7.39806 7.33462 
112.212 1.89943 7.39807 7.33461 
112.312 1.89944 7.39809 7.33462 
112.412 1.89946 7.39813 7.33464 
112.512 1.89947 7.39817 7.33465 
112.622 1.8995 7.39824 7.33468 
112.712 1.89951 7.3983 7.3347 
112.812 1.89953 7.39835 7.33471 
112.912 1.89956 7.39841 7.33472 
113.014 1.89957 7.39844 7.33473 
113.112 1.89959 7.39846 7.33476 
113.212 1.8996 7.39844 7.33477 
113.312 1.89961 7.39838 7.33477 
113.412 1.8996 7.39835 7.33477 
113.512 1.89959 7.39829 7.33476 
113.612 1.89958 7.39824 7.33474 
113.712 1.89956 7.39819 7.3347 
113.812 1.89955 7.39815 7.33467 
113.912 1.89956 7.39811 7.33464 
114.012 1.89958 7.3981 7.33464 
114.138 1.8996 7.39811 7.33466 
114.212 1.89961 7.39812 7.33468 
114.312 1.89961 7.39812 7.33472 
114.412 1.89962 7.39811 7.33473 
114.512 1.89963 7.39811 7.33475 
114.612 1.89965 7.39811 7.33475 
114.712 1.89966 7.39812 7.33476 
114.812 1.89968 7.39814 7.33477 
114.912 1.89971 7.39813 7.33478 
115.012 1.89974 7.39811 7.33479 
115.112 1.89977 7.39808 7.33478 
115.212 1.89982 7.39805 7.33477 
115.312 1.89984 7.39805 7.33477 
115.412 1.89986 7.39807 7.33477 
115.512 1.89986 7.39811 7.33478 
115.612 1.89985 7.39817 7.33478 
115.712 1.89985 7.39822 7.3348 
115.812 1.89987 7.39832 7.33484 
115.912 1.8999 7.39841 7.3349 
116.012 1.89995 7.39854 7.33497 
116.112 1.89999 7.39862 7.33502 
116.212 1.90003 7.39873 7.33508 
116.312 1.90006 7.39879 7.33512 
116.412 1.9001 7.39886 7.33516 
116.512 1.90013 7.39891 7.33522 
116.612 1.90017 7.39895 7.33527 
116.712 1.8999 7.39893 7.33532 
116.812 1.89917 7.39862 7.33548 
116.912 1.89866 7.39827 7.33573 
117.012 1.89817 7.3976 7.33613 
117.112 1.89815 7.39725 7.33645 
117.212 1.89946 7.39686 7.33684 
117.312 1.8981 7.39628 7.33713 
117.412 1.89942 7.39589 7.33751 
117.512 1.89798 7.3953 7.33781 
117.613 1.89911 7.39486 7.33819 
117.712 1.89758 7.39416 7.33846 
117.812 1.89898 7.39368 7.33884 
117.912 1.89756 7.39295 7.33907 
118.012 1.89905 7.39245 7.33944 
118.112 1.89764 7.39169 7.33968 
118.212 1.89876 7.39112 7.34008 
118.312 1.89734 7.39039 7.34035 
118.438 1.89778 7.38973 7.34086 
118.512 1.89849 7.38947 7.34114 
118.612 1.89857 7.38888 7.34156 
118.712 1.89867 7.3885 7.34181 
118.812 1.89886 7.38798 7.34212 
118.912 1.89902 7.38766 7.34232 
119.012 1.8992 7.38721 7.34262 
119.149 1.89917 7.38678 7.34288 
119.212 1.8992 7.38651 7.34305 
119.312 1.8993 7.38625 7.34322 
119.412 1.89949 7.38592 7.34345 
119.512 1.89964 7.38569 7.34358 
119.646 1.89848 7.38537 7.34359 
119.712 1.89802 7.38529 7.34358 
119.863 1.89785 7.38506 7.34366 
119.912 1.8982 7.38504 7.3437 
120.012 1.8992 7.38496 7.3438 
120.112 1.8996 7.38488 7.34385 
120.212 1.90005 7.38476 7.34393 
120.312 1.90029 7.38468 7.34395 
120.415 1.90056 7.38458 7.344 
120.512 1.90068 7.3845 7.34403 
120.612 1.90015 7.3844 7.34402 
120.712 1.89966 7.38434 7.34402 
120.812 1.8996 7.38435 7.34406 
120.936 1.89973 7.38439 7.34405 
121.046 1.89991 7.38443 7.34409 
121.112 1.90008 7.38446 7.34415 
121.212 1.90021 7.38449 7.34421 
121.312 1.90033 7.38452 7.34428 
121.412 1.90039 7.38453 7.34432 
121.512 1.90044 7.38453 7.34435 
121.612 1.90043 7.38452 7.34438 
121.761 1.90067 7.38449 7.34448 
121.818 1.90078 7.3845 7.3445 
121.912 1.90118 7.38451 7.34459 
122.012 1.90155 7.38455 7.34465 
122.112 1.90193 7.38457 7.34471 
122.212 1.90204 7.38459 7.34474 
122.312 1.90197 7.38458 7.34477 
122.412 1.902 7.38458 7.34473 
122.512 1.90219 7.38459 7.3447 
122.612 1.90244 7.38463 7.34472 
122.713 1.90227 7.38469 7.34473 
122.812 1.90138 7.38472 7.34471 
122.912 1.90103 7.38477 7.3447 
123.012 1.90076 7.38485 7.34465 
123.112 1.90127 7.38499 7.3446 
123.212 1.90141 7.3851 7.34449 
123.312 1.90175 7.38522 7.34438 
123.412 1.90071 7.38529 7.34419 
123.512 1.90052 7.38538 7.34405 
123.612 1.89971 7.38543 7.34384 
123.712 1.89998 7.38559 7.34369 
123.813 1.89945 7.3857 7.34345 
123.912 1.89941 7.38583 7.34329 
124.015 1.89876 7.38602 7.34303 
124.113 1.89872 7.3862 7.34287 
124.212 1.89761 7.38623 7.34274 
124.312 1.89665 7.38637 7.34256 
124.412 1.89622 7.38651 7.34246 
124.512 1.89566 7.38673 7.34229 
124.612 1.89515 7.38688 7.34217 
124.713 1.89402 7.38702 7.342 
124.812 1.8938 7.38722 7.34186 
124.912 1.89244 7.38734 7.34164 
125.012 1.89223 7.38749 7.34144 
125.112 1.89087 7.38758 7.34116 
125.212 1.89064 7.38771 7.34093 
125.312 1.88928 7.3878 7.34065 
125.412 1.88909 7.38797 7.34044 
125.512 1.88812 7.38814 7.34018 
125.612 1.88747 7.38822 7.33998 
125.712 1.88673 7.3884 7.33972 
125.812 1.8868 7.38851 7.3396 
125.912 1.88614 7.38868 7.33934 
126.012 1.88501 7.3888 7.33913 
126.112 1.88508 7.38899 7.33897 
126.212 1.88394 7.38912 7.33874 
126.312 1.88404 7.38933 7.33856 
126.412 1.88377 7.3895 7.33839 
126.512 1.88308 7.38973 7.33812 
126.612 1.882 7.3899 7.33787 
126.712 1.88164 7.39008 7.33772 
126.812 1.88109 7.39034 7.33749 
126.912 1.88127 7.39061 7.33736 
127.012 1.88092 7.39079 7.33724 
127.112 1.87983 7.39098 7.33708 
127.212 1.88003 7.39126 7.33697 
127.312 1.87877 7.39147 7.33676 
127.412 1.8792 7.39175 7.33664 
127.512 1.87824 7.39193 7.33643 
127.612 1.87864 7.39222 7.33631 
127.712 1.87789 7.39241 7.33614 
127.812 1.87846 7.3927 7.33607 
127.912 1.87798 7.39291 7.33594 
128.012 1.87877 7.39323 7.33588 
128.113 1.87871 7.39348 7.33577 
128.212 1.8795 7.3938 7.33572 
128.312 1.8795 7.39403 7.33562 
128.501 1.88114 7.3946 7.33551 
128.521 1.8808 7.3946 7.33546 
128.63 1.88162 7.3949 7.33535 
128.712 1.88216 7.3951 7.33529 
128.815 1.88318 7.39539 7.33524 
128.915 1.8834 7.39556 7.33517 
129.012 1.88428 7.39576 7.3351 
129.112 1.88447 7.39587 7.33502 
129.212 1.88522 7.39602 7.33496 
129.312 1.8854 7.39613 7.33488 
129.412 1.88609 7.39628 7.33484 
129.512 1.88639 7.39641 7.33478 
129.612 1.88667 7.39651 7.33475 
129.712 1.88728 7.39666 7.33474 
129.812 1.88755 7.39678 7.33477 
129.912 1.88801 7.39689 7.3348 
130.012 1.88824 7.39698 7.33485 
130.112 1.88875 7.3971 7.33492 
130.212 1.88899 7.3972 7.33497 
130.312 1.88943 7.39735 7.33504 
130.412 1.88968 7.39746 7.33507 
130.512 1.89007 7.3976 7.33509 
130.612 1.89031 7.39771 7.3351 
130.712 1.8907 7.39782 7.3351 
130.812 1.89089 7.39787 7.33509 
130.912 1.89123 7.39794 7.33504 
131.012 1.89145 7.39798 7.335 
131.112 1.89175 7.39803 7.33494 
131.212 1.89193 7.39804 7.33489 
131.312 1.89219 7.39804 7.33482 
131.412 1.89233 7.39803 7.33476 
131.512 1.89246 7.39802 7.3347 
131.612 1.89263 7.398 7.33461 
131.712 1.8928 7.39802 7.33455 
131.812 1.89291 7.39802 7.33451 
131.915 1.89301 7.39804 7.33449 
132.012 1.89321 7.39808 7.33449 
132.112 1.89336 7.3981 7.3345 
132.212 1.89358 7.3981 7.33451 
132.312 1.89379 7.39808 7.3345 
132.412 1.89397 7.39805 7.33447 
132.512 1.89411 7.39802 7.33445 
132.612 1.89429 7.39798 7.33443 
132.712 1.89438 7.39796 7.33442 
132.812 1.89449 7.39795 7.33441 
132.912 1.89455 7.39795 7.33439 
133.012 1.89461 7.39796 7.33436 
133.112 1.89467 7.39799 7.33431 
133.212 1.89473 7.39801 7.33426 
133.312 1.89484 7.39802 7.33422 
133.412 1.89491 7.39801 7.33417 
133.512 1.89502 7.39803 7.33415 
133.612 1.89509 7.39802 7.33412 
133.712 1.89521 7.39803 7.33409 
133.812 1.89527 7.39799 7.33402 
133.912 1.89533 7.39795 7.33396 
134.012 1.89542 7.39792 7.33391 
134.112 1.89546 7.39788 7.33383 
134.212 1.89553 7.39787 7.33379 
134.312 1.89559 7.39789 7.33378 
134.413 1.89568 7.39794 7.33378 
134.512 1.89575 7.39801 7.33381 
134.612 1.89583 7.39807 7.33383 
134.712 1.89592 7.39814 7.33386 
134.812 1.896 7.39821 7.33392 
134.912 1.89606 7.39824 7.33397 
135.012 1.89611 7.39828 7.33407 
135.112 1.89613 7.39831 7.33415 
135.212 1.89616 7.39835 7.33426 
135.312 1.8962 7.3984 7.33436 
135.412 1.89625 7.39842 7.33446 
135.512 1.89629 7.39846 7.33455 
135.612 1.89635 7.3985 7.33463 
135.712 1.89639 7.39855 7.3347 
135.812 1.89643 7.39859 7.33475 
135.912 1.89644 7.39864 7.33481 
136.012 1.89644 7.39869 7.33485 
136.112 1.89644 7.39873 7.33488 
136.212 1.89644 7.39876 7.33493 
136.312 1.89645 7.39878 7.33499 
136.412 1.89649 7.3988 7.33505 
