1.93927 6.96873e-05 0.000137718 6.80306e-05 
2.03929 7.03356e-05 0.000141867 7.15316e-05 
2.13947 7.12513e-05 0.000144932 7.36809e-05 
2.23927 7.20772e-05 0.000148223 7.61456e-05 
2.33927 7.28513e-05 0.000152894 8.00427e-05 
2.43927 7.39376e-05 0.000155884 8.19468e-05 
2.53927 7.45554e-05 0.00015947 8.49144e-05 
2.64222 7.53513e-05 0.000162247 8.68958e-05 
2.74524 7.59194e-05 0.000163756 8.7837e-05 
2.83943 7.64028e-05 0.000165149 8.87462e-05 
2.9395 7.67377e-05 0.000166698 8.99606e-05 
3.03928 7.73708e-05 0.000167769 9.03986e-05 
3.13927 7.78213e-05 0.000168296 9.04744e-05 
3.23927 7.84169e-05 0.000168853 9.0436e-05 
3.33928 7.93876e-05 0.000169492 9.01041e-05 
3.43927 8.06044e-05 0.000170186 8.95816e-05 
3.53927 8.1485e-05 0.000170663 8.91781e-05 
3.63926 8.28452e-05 0.000171494 8.86488e-05 
3.73927 8.37248e-05 0.000172219 8.8494e-05 
3.83927 8.49703e-05 0.000173699 8.87287e-05 
3.93983 8.57033e-05 0.000175232 8.9529e-05 
4.03927 8.66588e-05 0.000177606 9.09469e-05 
4.14182 8.71889e-05 0.000179638 9.24492e-05 
4.23942 8.76436e-05 0.000183238 9.5594e-05 
4.33927 8.81381e-05 0.000185936 9.77984e-05 
4.43927 8.84218e-05 0.000190343 0.000101921 
4.53926 8.84856e-05 0.000193487 0.000105002 
4.63927 8.85527e-05 0.000196603 0.000108051 
4.73927 8.8619e-05 0.000201057 0.000112439 
4.83927 8.88121e-05 0.00020387 0.000115058 
4.93987 8.89577e-05 0.000207762 0.000118804 
5.03931 8.9103e-05 0.000209839 0.000120736 
5.13927 8.93239e-05 0.000212239 0.000122915 
5.23927 8.94656e-05 0.000213349 0.000123883 
5.33928 8.97279e-05 0.00021424 0.000124512 
5.43927 8.9851e-05 0.000214244 0.000124393 
5.53927 9.0273e-05 0.000213761 0.000123488 
5.63927 9.04732e-05 0.000212943 0.00012247 
5.73927 9.11321e-05 0.000211728 0.000120596 
5.83927 9.14611e-05 0.000210866 0.000119405 
5.93927 9.22055e-05 0.000209634 0.000117428 
6.03927 9.25391e-05 0.000208597 0.000116058 
6.13927 9.32583e-05 0.000206845 0.000113587 
6.23927 9.34884e-05 0.000205127 0.000111639 
6.33927 9.40082e-05 0.000202784 0.000108776 
6.43928 9.43129e-05 0.000200902 0.000106589 
6.53927 9.48108e-05 0.000197961 0.000103151 
6.63927 9.52829e-05 0.000196112 0.000100829 
6.73926 9.60845e-05 0.000193352 9.72675e-05 
6.83927 9.6906e-05 0.00019177 9.48635e-05 
6.93926 9.79329e-05 0.000189404 9.14715e-05 
7.03927 9.87105e-05 0.000188213 8.9503e-05 
7.13931 9.96148e-05 0.000187013 8.73979e-05 
7.23926 0.00010062 0.000186603 8.59824e-05 
7.33927 0.000101415 0.000186622 8.52066e-05 
7.43926 0.000102293 0.000186754 8.4461e-05 
7.53928 0.000102984 0.000187242 8.42573e-05 
7.63927 0.000103836 0.00018822 8.43843e-05 
7.73927 0.000104402 0.000189152 8.47504e-05 
7.83929 0.000105118 0.000190977 8.5859e-05 
7.93926 0.00010528 0.000192367 8.70868e-05 
8.03927 0.000105434 0.000194701 8.92674e-05 
8.13927 0.000105392 0.000196 9.06084e-05 
8.23927 0.000105587 0.000197704 9.21168e-05 
8.33927 0.000105706 0.000198354 9.26482e-05 
8.43927 0.000106205 0.00019894 9.27347e-05 
8.53927 0.00010661 0.000199066 9.24564e-05 
8.63927 0.000107279 0.000198831 9.15524e-05 
8.73927 0.00010789 0.000198435 9.05452e-05 
8.83927 0.000108756 0.000197181 8.84257e-05 
8.93927 0.000109557 0.000196313 8.6756e-05 
9.03927 0.000110652 0.000194717 8.40649e-05 
9.13927 0.000111735 0.000193904 8.21682e-05 
9.23927 0.000113467 0.000192589 7.91215e-05 
9.33927 0.000114996 0.000192111 7.71151e-05 
9.43928 0.000117332 0.000191665 7.43327e-05 
9.53927 0.000118947 0.000191642 7.26957e-05 
9.63928 0.000121214 0.000191905 7.06912e-05 
9.73926 0.000122481 0.000192021 6.95399e-05 
9.83927 0.000124315 0.000192202 6.78873e-05 
9.93927 0.000125151 0.000191951 6.68004e-05 
10.0393 0.000126698 0.000191839 6.51414e-05 
10.1393 0.000127414 0.000191432 6.40181e-05 
10.2393 0.000129077 0.000191551 6.24749e-05 
10.3393 0.000130077 0.000191683 6.16057e-05 
10.44 0.000131621 0.000192283 6.06617e-05 
10.5393 0.000132564 0.00019293 6.03661e-05 
10.6393 0.000134735 0.000195098 6.0363e-05 
10.7393 0.000135966 0.000197036 6.10702e-05 
10.8393 0.000138175 0.000201045 6.28694e-05 
10.9393 0.000139597 0.000204206 6.46096e-05 
11.0425 0.00014166 0.000209382 6.77221e-05 
11.1397 0.000143087 0.000213237 7.01499e-05 
11.2393 0.000144612 0.000215372 7.07608e-05 
11.3393 0.000147073 0.00021991 7.28374e-05 
11.4393 0.000148919 0.000222864 7.39444e-05 
11.5393 0.000151336 0.000226693 7.53567e-05 
11.6393 0.000152894 0.000230263 7.73692e-05 
11.7393 0.000154778 0.000232914 7.8135e-05 
11.8393 0.000156431 0.000235719 7.92884e-05 
11.9393 0.000157443 0.00023761 8.01664e-05 
12.0394 0.000158714 0.000240216 8.15025e-05 
12.1393 0.000159513 0.000242176 8.2663e-05 
12.2393 0.00015991 0.000243263 8.33529e-05 
12.3393 0.000159696 0.000244245 8.45493e-05 
12.4393 0.00015896 0.000245062 8.61027e-05 
12.5393 0.000158163 0.000246267 8.81041e-05 
12.6393 0.000157386 0.00024665 8.92642e-05 
12.7393 0.000156508 0.000246839 9.03314e-05 
12.8393 0.000155765 0.000246836 9.10706e-05 
12.9393 0.000154762 0.000246309 9.15474e-05 
13.0393 0.00014968 0.000241251 9.15708e-05 
13.1393 0.000113775 0.00020509 9.1315e-05 
13.2393 2.08316e-05 1.93172e-05 1.51433e-06 
13.3393 0.000251998 0.000195369 0.000447367 
13.4393 0.000667136 0.00043845 0.00110559 
13.5393 0.00223599 0.000678093 0.00291408 
13.6393 0.00304801 0.00124398 0.00429198 
13.7393 0.00605582 0.00105523 0.00711105 
13.8393 0.00915563 0.00136235 0.010518 
13.9393 0.0126215 0.000763502 0.013385 
14.0393 0.0152938 0.0014107 0.0167045 
14.1393 0.0197482 0.000161133 0.0195871 
14.2393 0.0235171 0.000630852 0.0228862 
14.3393 0.0295646 0.0020904 0.0274742 
14.4393 0.033976 0.0033318 0.0306442 
14.5393 0.0407026 0.00490277 0.0357998 
14.6393 0.0449448 0.00601939 0.0389255 
14.7393 0.0518343 0.00825633 0.0435779 
14.8393 0.0560582 0.0101538 0.0459044 
14.9393 0.0621607 0.0124875 0.0496732 
15.0393 0.0657722 0.0144858 0.0512864 
15.1393 0.070892 0.0187375 0.0521545 
15.2441 0.0737974 0.0216119 0.0521856 
15.3393 0.0764978 0.0261122 0.0503856 
15.4393 0.0774962 0.0299257 0.0475704 
15.5393 0.0794752 0.0376833 0.0417919 
15.6393 0.0809005 0.0440043 0.0368962 
15.7393 0.0818433 0.050605 0.0312383 
15.8393 0.0834727 0.0614963 0.0219764 
15.9393 0.0816492 0.0647234 0.0169257 
16.0393 0.0795645 0.0718738 0.00769077 
16.1393 0.0772564 0.0761359 0.00112056 
16.2393 0.074729 0.0821663 0.00743728 
16.3393 0.0737821 0.0867607 0.0129786 
16.4393 0.0702883 0.092927 0.0226386 
16.5393 0.0674432 0.0970842 0.0296411 
16.6393 0.0618501 0.102668 0.0408181 
16.7393 0.0583946 0.105703 0.0473079 
16.8393 0.0531315 0.110543 0.0574118 
16.9393 0.0497792 0.113117 0.0633373 
17.0393 0.0449267 0.115634 0.0707069 
17.1393 0.0418279 0.116293 0.0744654 
17.2393 0.0384197 0.116185 0.0777652 
17.3393 0.0364529 0.11577 0.0793168 
17.4393 0.0341945 0.115952 0.0817579 
17.5393 0.0322258 0.116305 0.084079 
17.6393 0.0285459 0.117507 0.0889606 
17.7393 0.0249641 0.118165 0.0932012 
17.8393 0.0205353 0.11934 0.0988042 
17.9393 0.0180234 0.119789 0.101765 
18.0393 0.013637 0.11849 0.104853 
18.1393 0.01161 0.118222 0.106612 
18.2393 0.00946222 0.117961 0.108499 
18.3393 0.00838587 0.1181 0.109714 
18.4393 0.00676609 0.117531 0.110765 
18.5393 0.00637183 0.116997 0.110625 
18.6393 0.00512592 0.117792 0.112666 
18.7393 0.00406647 0.118547 0.114481 
18.8393 0.000860918 0.119522 0.118661 
18.9393 0.00306107 0.11958 0.122641 
19.0393 0.0095645 0.119022 0.128586 
19.1393 0.0137871 0.117929 0.131716 
19.2393 0.0190528 0.117209 0.136261 
19.3393 0.0222905 0.116488 0.138779 
19.4393 0.0248394 0.116179 0.141018 
19.5393 0.0259663 0.115397 0.141363 
19.6393 0.026345 0.11567 0.142015 
19.7393 0.0261532 0.115918 0.142071 
19.8393 0.0262491 0.115947 0.142196 
19.9393 0.0266018 0.116105 0.142706 
20.0393 0.027183 0.11866 0.145843 
20.1393 0.0279015 0.116171 0.144072 
20.2393 0.0292589 0.116726 0.145985 
20.3393 0.0298708 0.116991 0.146862 
20.4393 0.0297253 0.116808 0.146533 
20.5393 0.0286802 0.114242 0.142923 
20.6393 0.0278296 0.115939 0.143768 
20.7393 0.027121 0.114641 0.141762 
20.8393 0.0272813 0.105827 0.133108 
20.9393 0.0278271 0.110133 0.13796 
21.0393 0.0283343 0.103035 0.13137 
21.1393 0.0289086 0.109685 0.138594 
21.2393 0.0308038 0.103932 0.134735 
21.3393 0.0319637 0.102952 0.134916 
21.4393 0.0327374 0.101825 0.134563 
21.5393 0.0325676 0.101261 0.133828 
21.6393 0.0326169 0.100583 0.1332 
21.7393 0.0333713 0.100094 0.133465 
21.8393 0.0349782 0.0985418 0.13352 
21.9393 0.0361004 0.0971218 0.133222 
22.0393 0.0373062 0.0954059 0.132712 
22.1393 0.0372353 0.0944484 0.131684 
22.2393 0.0378675 0.0931552 0.131023 
22.3393 0.0383608 0.0918846 0.130245 
22.4393 0.0399631 0.0891713 0.129134 
22.5393 0.0417847 0.0862386 0.128023 
22.6393 0.0438408 0.0806276 0.124468 
22.7393 0.0447474 0.0765812 0.121329 
22.8393 0.0455411 0.0700047 0.115546 
22.9393 0.0456133 0.0651954 0.110809 
23.0393 0.0456327 0.0575585 0.103191 
23.1393 0.046438 0.0517275 0.0981655 
23.2393 0.0468774 0.0438091 0.0906865 
23.3393 0.0477923 0.0381137 0.085906 
23.4393 0.0506906 0.0294996 0.0801902 
23.5393 0.0527573 0.025533 0.0782903 
23.6393 0.0557062 0.0293005 0.0850067 
23.7393 0.0608149 0.0159825 0.0767975 
23.8405 0.0675342 0.00814747 0.0756816 
23.9393 0.0771143 0.00129577 0.0758185 
24.0393 0.0796667 0.00320756 0.0764591 
24.1393 0.0878082 0.0091709 0.0786373 
24.2393 0.0848177 0.0048361 0.0799816 
24.3393 0.0964121 0.0166032 0.0798089 
24.4405 0.0973205 0.0112268 0.0860937 
24.5393 0.0971627 0.0209716 0.0761911 
24.6393 0.0960538 0.0225238 0.07353 
24.7393 0.0924885 0.0245935 0.067895 
24.8393 0.0893692 0.0262372 0.0631319 
24.9393 0.0832617 0.028053 0.0552087 
25.0393 0.0790413 0.0289595 0.0500818 
25.1393 0.0715947 0.0298113 0.0417833 
25.2393 0.066324 0.0297661 0.0365578 
25.3404 0.0598243 0.0309177 0.0289067 
25.4397 0.0539328 0.030946 0.0229867 
25.5393 0.0489859 0.0325961 0.0163898 
25.6393 0.0464285 0.0336365 0.012792 
25.7393 0.0433171 0.0347823 0.0085348 
25.8393 0.0399649 0.0344176 0.00554729 
25.9393 0.0367595 0.0345847 0.00217481 
26.0393 0.0349344 0.034722 0.000212393 
26.1393 0.0319949 0.0342606 0.00226568 
26.2393 0.0299426 0.03397 0.00402734 
26.3393 0.0268699 0.0344725 0.00760264 
26.4393 0.0247962 0.0326366 0.00784042 
26.5393 0.021667 0.0326844 0.0110174 
26.6393 0.019653 0.030989 0.0113359 
26.7393 0.0167481 0.0306145 0.0138663 
26.8393 0.014955 0.0287975 0.0138425 
26.9393 0.0125194 0.028056 0.0155365 
27.0393 0.0111219 0.0263103 0.0151884 
27.1393 0.0092471 0.0253911 0.016144 
27.2393 0.00811406 0.0241207 0.0160067 
27.3393 0.00711678 0.0235576 0.0164408 
27.4393 0.0057946 0.0231971 0.0174025 
27.5393 0.00502911 0.0233755 0.0183464 
27.6393 0.00397367 0.0239253 0.0199516 
27.7393 0.00334656 0.0244181 0.0210716 
27.8393 0.0025276 0.0252509 0.0227233 
27.9393 0.00206363 0.0256382 0.0235746 
28.0393 0.00148548 0.0259311 0.0244456 
28.1393 0.00114809 0.0258223 0.0246742 
28.2393 0.000722217 0.0254658 0.0247436 
28.3393 0.000480055 0.0250422 0.0245622 
28.4393 0.000165232 0.0245545 0.0243893 
28.5393 7.30906e-06 0.0239837 0.023991 
28.6393 0.000203078 0.0234816 0.0236846 
28.7393 0.00030951 0.0228914 0.0232009 
28.8393 0.00043586 0.0224405 0.0228764 
28.9393 0.000507372 0.0219294 0.0224368 
29.0393 0.000584189 0.0214977 0.0220819 
29.1393 0.000614286 0.0209749 0.0215892 
29.2393 0.00065694 0.0205239 0.0211808 
29.3393 0.000695498 0.0201063 0.0208018 
29.4393 0.000754624 0.0195471 0.0203017 
29.5393 0.000789625 0.0189847 0.0197743 
29.6393 0.000829816 0.0186206 0.0194505 
29.7393 0.00082186 0.0180787 0.0189006 
29.8393 0.000867119 0.0176122 0.0184793 
29.9393 0.000871185 0.017262 0.0181332 
30.0393 0.000887536 0.0167504 0.0176379 
30.1393 0.000891202 0.0164182 0.0173094 
30.2393 0.000884889 0.0159379 0.0168228 
30.3393 0.000883653 0.0156375 0.0165211 
30.4393 0.000877652 0.0151995 0.0160771 
30.5393 0.000866979 0.0149044 0.0157714 
30.6393 0.000847312 0.0145926 0.0154399 
30.7393 0.000830711 0.0141933 0.015024 
30.8393 0.000800742 0.0137692 0.01457 
30.9393 0.000776809 0.0134946 0.0142714 
31.0393 0.000740943 0.0131878 0.0139288 
31.1393 0.000716381 0.0127767 0.0134931 
31.2393 0.000688006 0.0123566 0.0130446 
31.3393 0.000742032 0.0120114 0.0127534 
31.4393 0.000909249 0.0115498 0.012459 
31.5393 0.001074 0.0110113 0.0120853 
31.6393 0.00139913 0.0103092 0.0117084 
31.7393 0.00164633 0.00982428 0.0114706 
31.8393 0.00203052 0.0090945 0.011125 
31.9393 0.00228107 0.00862583 0.0109069 
32.0393 0.00268536 0.00792633 0.0106117 
32.1393 0.00297374 0.00750257 0.0104763 
32.2393 0.00349514 0.00695686 0.010452 
32.3393 0.00398185 0.00658592 0.0105678 
32.4393 0.0050212 0.00589229 0.0109135 
32.5393 0.00581455 0.00544702 0.0112616 
32.6393 0.00700532 0.00496864 0.011974 
32.7393 0.00770078 0.00481833 0.0125191 
32.8393 0.0085764 0.00474709 0.0133235 
32.9393 0.00900465 0.004851 0.0138557 
33.0393 0.00928631 0.00476995 0.0140563 
33.1393 0.00927138 0.00584776 0.0151191 
33.2393 0.00895825 0.00595352 0.0149118 
33.3393 0.00840851 0.00747957 0.0158881 
33.4393 0.0072308 0.00781903 0.0150498 
33.5393 0.00597132 0.00968986 0.0156612 
33.6393 0.00319928 0.0104692 0.0136684 
33.7393 0.00139213 0.0129177 0.0143098 
33.8393 0.00218467 0.0139817 0.011797 
33.9393 0.00511785 0.0171802 0.0120623 
34.0393 0.00961141 0.0185172 0.00890577 
34.1393 0.0127603 0.0230495 0.0102891 
34.2393 0.0172591 0.0252449 0.00798578 
34.3393 0.0204487 0.0312035 0.0107548 
34.4393 0.0255546 0.0333274 0.00777277 
34.5393 0.0296631 0.0398486 0.0101855 
34.6393 0.0382069 0.0418123 0.00360535 
34.7393 0.0448194 0.0495498 0.00473042 
34.8393 0.0547206 0.0519324 0.00278823 
34.9393 0.0615922 0.0611463 0.000445905 
35.0393 0.0710486 0.0635119 0.00753663 
35.1393 0.0780923 0.074273 0.00381922 
35.2393 0.0867035 0.0767192 0.00998431 
35.3393 0.0936574 0.0901626 0.00349485 
35.4393 0.103841 0.0939056 0.00993588 
35.5393 0.110679 0.099181 0.0114976 
35.6393 0.12019 0.10523 0.0149602 
35.7393 0.124484 0.107086 0.017398 
35.8393 0.129347 0.108508 0.0208394 
35.9393 0.131836 0.108537 0.0232992 
36.0393 0.133615 0.107019 0.0265958 
36.1393 0.135147 0.103104 0.0320425 
36.2393 0.136092 0.112108 0.0239844 
36.3393 0.138511 0.0982789 0.0402319 
36.4393 0.13932 0.10645 0.0328704 
36.5393 0.138593 0.10149 0.0371029 
36.6393 0.138714 0.100326 0.0383883 
36.7393 0.139903 0.106719 0.0331846 
36.8393 0.141231 0.107265 0.0339662 
36.9393 0.142487 0.0984975 0.0439893 
37.0394 0.143409 0.108778 0.0346318 
37.1393 0.143505 0.109382 0.0341229 
37.2393 0.143956 0.110017 0.0339391 
37.3393 0.144616 0.110647 0.0339682 
37.4393 0.144667 0.110972 0.0336945 
37.5393 0.144399 0.110448 0.033951 
37.6393 0.14467 0.11012 0.0345493 
37.7393 0.145805 0.110723 0.0350823 
37.8393 0.146326 0.110795 0.0355311 
37.9393 0.146553 0.110341 0.0362117 
38.0393 0.146992 0.11107 0.0359224 
38.1393 0.147943 0.112412 0.0355313 
38.2393 0.148323 0.113011 0.0353121 
38.3394 0.148892 0.113313 0.0355792 
38.4393 0.148848 0.112556 0.036292 
38.5393 0.148314 0.111342 0.0369716 
38.6393 0.147354 0.11014 0.0372139 
38.7393 0.136157 0.108026 0.0281308 
38.8393 0.143526 0.106736 0.0367899 
38.9393 0.140178 0.103814 0.0363644 
39.0393 0.138062 0.102091 0.035972 
39.1393 0.135456 0.0905346 0.0449217 
39.2393 0.13377 0.0983692 0.0354005 
39.3393 0.131452 0.0863631 0.0450892 
39.4393 0.130153 0.0941566 0.0359962 
39.5393 0.128637 0.0924702 0.0361672 
39.6393 0.127712 0.0915441 0.0361676 
39.7393 0.126399 0.0901519 0.0362468 
39.8393 0.125693 0.0896765 0.0360168 
39.9393 0.125878 0.0894439 0.0364344 
40.0393 0.126037 0.0895265 0.0365102 
40.1393 0.126032 0.0896576 0.0363748 
40.2393 0.12841 0.091894 0.0365164 
40.3393 0.125499 0.0889835 0.0365156 
40.4393 0.125142 0.0885024 0.0366393 
40.5393 0.125421 0.0877084 0.037713 
40.6393 0.129353 0.089829 0.0395243 
40.7393 0.128061 0.0883871 0.0396741 
40.8393 0.128888 0.0895927 0.0392955 
40.9393 0.128319 0.0897264 0.0385927 
41.0393 0.127785 0.090231 0.0375537 
41.1393 0.12763 0.090387 0.0372426 
41.2393 0.126063 0.08844 0.0376235 
41.3393 0.124614 0.0868412 0.0377723 
41.4393 0.132261 0.0852325 0.047028 
41.5393 0.120914 0.0840994 0.0368142 
41.6393 0.120075 0.0837339 0.0363408 
41.7393 0.120226 0.0834737 0.0367522 
41.8393 0.119584 0.0833981 0.036186 
41.9393 0.119151 0.0833376 0.0358134 
42.0393 0.116882 0.0825357 0.0343466 
42.1393 0.11476 0.0821342 0.0326255 
42.2393 0.111032 0.0799548 0.0310768 
42.3393 0.10871 0.0783949 0.0303153 
42.4393 0.105094 0.0767652 0.028329 
42.5393 0.102365 0.0756087 0.026756 
42.6393 0.0976658 0.0726061 0.0250597 
42.7393 0.0944361 0.0697698 0.0246663 
42.8393 0.0899552 0.0635196 0.0264357 
42.9393 0.0863571 0.058927 0.0274301 
43.0393 0.0800837 0.0518014 0.0282823 
43.1393 0.0757228 0.0468783 0.0288445 
43.2393 0.0688481 0.0395552 0.0292929 
43.3393 0.0644513 0.035203 0.0292483 
43.4393 0.0590929 0.030004 0.0290889 
43.5393 0.0559615 0.0272171 0.0287444 
43.6393 0.0450778 0.0171376 0.0279402 
43.7393 0.0442728 0.0174227 0.0268501 
43.8393 0.0358476 0.00932757 0.02652 
43.9393 0.0349173 0.00919252 0.0257248 
44.0393 0.0275058 0.00217008 0.0253357 
44.1393 0.0265065 0.00124191 0.0252646 
44.2393 0.0200918 0.0048325 0.0249243 
44.3393 0.0188499 0.00502781 0.0238777 
44.4393 0.0127552 0.0103148 0.02307 
44.5393 0.0102842 0.0124074 0.0226916 
44.6393 0.00547689 0.0174202 0.0228971 
44.7393 0.00363105 0.019046 0.022677 
44.8393 0.000440303 0.0220088 0.0224491 
44.9393 0.000534136 0.0240852 0.0235511 
45.0393 0.00273136 0.026808 0.0240767 
45.1393 0.00363643 0.0283279 0.0246915 
45.2393 0.00536247 0.0303728 0.0250103 
45.3393 0.00615278 0.0314878 0.0253351 
45.4393 0.00745313 0.0329312 0.0254781 
45.5393 0.00809828 0.0336751 0.0255769 
45.6393 0.00905193 0.0346552 0.0256032 
45.7393 0.00956231 0.0351732 0.0256109 
45.8393 0.0102526 0.0358646 0.025612 
45.9393 0.0106244 0.036242 0.0256176 
46.0393 0.0111092 0.0367289 0.0256196 
46.1393 0.0113675 0.0369937 0.0256263 
46.2393 0.0117013 0.0373338 0.0256325 
46.3393 0.0118628 0.0375204 0.0256576 
46.4393 0.011595 0.0377569 0.0261619 
46.5393 0.0109882 0.0378884 0.0269003 
46.6393 0.00971995 0.0380544 0.0283345 
46.7393 0.00821198 0.0381458 0.0299338 
46.8393 0.00495739 0.0384901 0.0335327 
46.9393 0.00251896 0.039355 0.036836 
47.0393 0.00298983 0.0400699 0.0430597 
47.1393 0.00520975 0.0420516 0.0472613 
47.2393 0.0112185 0.0419183 0.0531368 
47.3393 0.0119379 0.0447756 0.0567136 
47.4393 0.017058 0.0443928 0.0614508 
47.5393 0.0162845 0.0476327 0.0639173 
47.6393 0.0205742 0.0460159 0.0665902 
47.7393 0.0186588 0.0491226 0.0677814 
47.8393 0.0220445 0.0460884 0.068133 
47.9393 0.0193694 0.0484806 0.0678501 
48.0393 0.0220736 0.0446679 0.0667415 
48.1393 0.0190955 0.0466696 0.0657651 
48.2429 0.0215665 0.0425309 0.0640974 
48.3393 0.0183174 0.0445045 0.0628219 
48.4393 0.0203858 0.0405188 0.0609046 
48.5393 0.017628 0.0418752 0.0595032 
48.6393 0.0199331 0.0371375 0.0570706 
48.7393 0.0177279 0.0378907 0.0556186 
48.8393 0.0194988 0.0340543 0.0535531 
48.9393 0.0168791 0.0354138 0.052293 
49.0416 0.0185792 0.0316924 0.0502717 
49.1402 0.0162379 0.0326799 0.0489177 
49.2393 0.0178042 0.0290999 0.0469042 
49.3393 0.015983 0.0295502 0.0455332 
49.4393 0.0152942 0.0281585 0.0434527 
49.5393 0.0147672 0.025945 0.0407122 
49.6393 0.0157677 0.0248501 0.0406178 
49.7393 0.0133857 0.0261333 0.039519 
49.8412 0.0144776 0.0232804 0.037758 
49.9393 0.012604 0.0239788 0.0365828 
50.0393 0.013312 0.0213897 0.0347017 
50.1393 0.0111384 0.0223679 0.0335063 
50.2393 0.0115926 0.0201175 0.0317101 
50.3393 0.00966696 0.0209671 0.030634 
50.4393 0.010111 0.0188743 0.0289854 
50.5393 0.00836243 0.0195701 0.0279325 
50.6393 0.00885811 0.0176047 0.0264629 
50.7393 0.00731585 0.0181506 0.0254664 
50.8393 0.00769635 0.016333 0.0240293 
50.9393 0.00633593 0.0167576 0.0230936 
51.0393 0.00674643 0.0150706 0.021817 
51.1408 0.00565524 0.0153819 0.0210372 
51.2393 0.00613213 0.0145302 0.0206624 
51.3393 0.00537999 0.0137428 0.0191228 
51.4393 0.00493059 0.0130406 0.0179712 
51.5393 0.00519214 0.0121366 0.0173287 
51.6401 0.00498799 0.0115213 0.0165093 
51.7393 0.0046657 0.0106586 0.0153243 
51.8393 0.00448439 0.0100487 0.0145331 
51.9393 0.00413627 0.00932822 0.0134645 
52.0393 0.00394673 0.00883453 0.0127813 
52.1393 0.00367663 0.00825752 0.0119341 
52.2393 0.00348531 0.00789878 0.0113841 
52.3393 0.00333561 0.00693237 0.010268 
52.4393 0.00315726 0.00705225 0.0102095 
52.5393 0.00303023 0.0065306 0.00956083 
52.6393 0.00294306 0.00624112 0.00918418 
52.7393 0.00279443 0.00588647 0.00868089 
52.8393 0.00267301 0.00569889 0.0083719 
52.9393 0.002505 0.00540603 0.00791103 
53.0393 0.00238579 0.0051803 0.00756609 
53.1393 0.00196116 0.00488848 0.00684964 
53.2393 0.00211567 0.00471077 0.00682644 
53.3393 0.00169856 0.00449557 0.00619413 
53.4393 0.00180108 0.00437648 0.00617756 
53.5393 0.00168969 0.00395697 0.00564666 
53.6393 0.00153506 0.00412536 0.00566042 
53.7393 0.00143578 0.00372614 0.00516193 
53.8393 0.00124877 0.00388264 0.0051314 
53.9393 0.00124515 0.00357433 0.00481947 
54.0393 0.00100746 0.00366452 0.00467198 
54.1393 0.00110377 0.00334024 0.00444402 
54.2393 0.00082714 0.00346204 0.00428918 
54.3393 0.000896414 0.00318255 0.00407896 
54.4393 0.000648027 0.00330954 0.00395757 
54.5393 0.000711408 0.00301035 0.00372176 
54.6393 0.000512334 0.0031357 0.00364803 
54.7393 0.000592621 0.0030486 0.00364122 
54.8393 0.00041597 0.00287144 0.0032874 
54.9393 0.000515786 0.00277588 0.00329166 
55.0393 0.000379869 0.0025801 0.00295997 
55.1393 0.000425071 0.00251123 0.0029363 
55.2393 0.000255821 0.00240949 0.00266531 
55.3393 0.000223633 0.00233014 0.00255377 
55.4393 0.000330741 0.002123 0.00245374 
55.5393 0.000192161 0.00216844 0.0023606 
55.6393 0.000175037 0.00209435 0.00226939 
55.7393 0.00021528 0.00191301 0.00212829 
55.8393 0.000224655 0.00183037 0.00205503 
55.9393 0.000143278 0.00171401 0.00185728 
56.0393 0.000142808 0.0017253 0.00186811 
56.1393 0.000117347 0.00158549 0.00170283 
56.2393 0.000102663 0.0015826 0.00168526 
56.3393 8.90478e-05 0.00153809 0.00162714 
56.4393 7.59244e-05 0.00152979 0.00160571 
56.5393 7.65773e-05 0.00141309 0.00148966 
56.6393 4.46896e-05 0.0013718 0.00141649 
56.7393 7.14712e-05 0.00122537 0.00129684 
56.8393 4.27093e-05 0.00121358 0.00125629 
56.9393 4.3066e-05 0.00116534 0.0012084 
57.04 6.06286e-05 0.00107269 0.00113332 
57.1393 5.38701e-05 0.0010531 0.00110697 
57.2393 2.34778e-05 0.00102428 0.00104776 
57.3393 2.77378e-05 0.000971 0.000998737 
57.4393 2.08365e-05 0.000931266 0.000952102 
57.5393 1.70594e-05 0.000906957 0.000924016 
57.6393 1.69542e-05 0.000865312 0.000882267 
57.7393 2.04696e-05 0.000835524 0.000855994 
57.8393 2.31521e-05 0.000797926 0.000821078 
57.9393 2.4718e-05 0.000772005 0.000796723 
58.0393 2.69298e-05 0.000733196 0.000760126 
58.1393 2.67252e-05 0.000708366 0.000735092 
58.2393 2.34314e-05 0.000674147 0.000697578 
58.3393 2.24997e-05 0.00065242 0.00067492 
58.4393 3.03983e-05 0.000605807 0.000636205 
58.5397 0.000101808 0.000508847 0.000610654 
58.6393 0.000471856 0.000152593 0.000624449 
58.7393 0.000835717 0.000128103 0.000707614 
58.8393 0.00185522 0.000979065 0.000876157 
58.9393 0.00268393 0.00176516 0.00091877 
59.0393 0.00416677 0.00332566 0.000841103 
59.1393 0.00527537 0.0044825 0.000792874 
59.2393 0.00719982 0.0064305 0.000769328 
59.3393 0.00862974 0.00789442 0.000735312 
59.4393 0.010672 0.0109477 0.000275669 
59.5393 0.0121644 0.0120467 0.000117701 
59.6393 0.0141132 0.0146216 0.000508415 
59.7393 0.0153617 0.0163689 0.00100722 
59.8393 0.01812 0.0201061 0.00198608 
59.9393 0.0201226 0.0229746 0.002852 
60.0393 0.0238721 0.0282163 0.00434416 
60.1393 0.0263574 0.0320979 0.00574044 
60.2393 0.0303546 0.0383133 0.0079587 
60.3393 0.0328806 0.042259 0.00937846 
60.4393 0.0365663 0.0487542 0.0121878 
60.5393 0.0379095 0.0526975 0.0147881 
60.6393 0.0401937 0.0582157 0.0180221 
60.7393 0.0420013 0.0623994 0.020398 
60.8393 0.0436564 0.0690442 0.0253878 
60.9393 0.0450614 0.073807 0.0287456 
61.0393 0.0476806 0.0807877 0.0331071 
61.1393 0.0508831 0.0880625 0.0371794 
61.2393 0.0543072 0.093485 0.0391778 
61.3393 0.0585525 0.100599 0.0420465 
61.4393 0.0613448 0.104615 0.0432703 
61.5393 0.0647316 0.107905 0.0431729 
61.6393 0.0656701 0.10985 0.0441796 
61.7393 0.0654172 0.11136 0.0459432 
61.8393 0.0647252 0.113507 0.0487814 
61.9393 0.0634987 0.114771 0.0512724 
62.0393 0.0612454 0.116594 0.0553483 
62.1393 0.0623018 0.120053 0.0577514 
62.2393 0.051768 0.11211 0.0603422 
62.3393 0.0645702 0.126693 0.0621229 
62.4407 0.0551538 0.119782 0.0646279 
62.5393 0.062743 0.12963 0.0668874 
62.6393 0.0636426 0.13403 0.0703876 
62.7393 0.0531314 0.136183 0.0830519 
62.8393 0.0594419 0.13886 0.0794182 
62.9393 0.0590528 0.128776 0.0697231 
63.0393 0.0496003 0.126952 0.0773522 
63.1393 0.0644022 0.141429 0.0770269 
63.2393 0.0550576 0.131903 0.0768457 
63.3393 0.0644343 0.140792 0.0763574 
63.4393 0.0583106 0.13129 0.0729792 
63.5393 0.0595037 0.14104 0.0815362 
63.6393 0.0592322 0.132131 0.072899 
63.7393 0.0598682 0.143031 0.0831632 
63.8393 0.0594548 0.133986 0.0745314 
63.9393 0.0591881 0.144077 0.0848886 
64.0393 0.0600618 0.144634 0.0845718 
64.1393 0.0610629 0.135043 0.07398 
64.2393 0.0625833 0.144268 0.0816849 
64.3393 0.0624957 0.13887 0.076374 
64.4393 0.0649979 0.149614 0.0846158 
64.5393 0.0671489 0.153845 0.0866962 
64.6393 0.0686565 0.15484 0.0861836 
64.7399 0.0774048 0.156552 0.0791477 
64.8393 0.0658566 0.155249 0.0893926 
64.9393 0.0788914 0.157227 0.078336 
65.0393 0.0703598 0.159118 0.0887586 
65.1393 0.0671543 0.152139 0.0849844 
65.2393 0.0787412 0.163776 0.0850349 
65.3393 0.0780435 0.165032 0.086988 
65.4393 0.0797544 0.166169 0.0864143 
65.5393 0.0802273 0.166344 0.0861168 
65.6393 0.0806937 0.161339 0.0806452 
65.7393 0.0811118 0.161083 0.0799708 
65.8393 0.0810983 0.160339 0.0792403 
65.9393 0.0813711 0.160237 0.078866 
66.0393 0.081433 0.160217 0.0787837 
66.1393 0.0818589 0.159342 0.0774831 
66.2393 0.0836597 0.155791 0.0721309 
66.3393 0.0847409 0.154866 0.0701254 
66.4393 0.086768 0.164026 0.0772585 
66.5393 0.0887325 0.155097 0.0663642 
66.6393 0.0920506 0.164963 0.0729129 
66.7393 0.0944501 0.15571 0.0612598 
66.8393 0.0978503 0.165407 0.0675568 
66.9393 0.0999948 0.158447 0.0584519 
67.0393 0.10226 0.165074 0.0628147 
67.1393 0.106038 0.156765 0.0507274 
67.2393 0.102408 0.157883 0.0554752 
67.3393 0.105318 0.155678 0.0503604 
67.4393 0.105125 0.153883 0.0487579 
67.5393 0.103547 0.150952 0.0474046 
67.6393 0.101811 0.149713 0.0479021 
67.7393 0.0981343 0.146844 0.0487095 
67.8393 0.0954307 0.144739 0.0493082 
67.9393 0.0917129 0.139336 0.0476234 
68.0393 0.0888316 0.135146 0.0463148 
68.1393 0.0859859 0.128684 0.0426983 
68.2393 0.0844668 0.124611 0.040144 
68.3393 0.0842615 0.120715 0.0364539 
68.4393 0.0845388 0.118517 0.0339777 
68.5393 0.08459 0.1151 0.0305102 
68.6393 0.0847527 0.111943 0.0271905 
68.7393 0.0852754 0.106394 0.0211191 
68.8393 0.0850893 0.10131 0.0162206 
68.9393 0.0831891 0.0920653 0.00887618 
69.0393 0.0826478 0.0862139 0.00356604 
69.1393 0.0806244 0.0756877 0.00493664 
69.2393 0.0788002 0.068265 0.0105353 
69.3393 0.0739407 0.0559138 0.0180269 
69.4393 0.0698602 0.0476545 0.0222057 
69.5393 0.0621334 0.0342828 0.0278506 
69.6393 0.0561965 0.0252388 0.0309577 
69.7393 0.0467375 0.0115723 0.0351652 
69.8393 0.039587 0.00322054 0.0363665 
69.9393 0.0365176 0.0111512 0.0476688 
70.0393 0.0227545 0.0193649 0.0421194 
70.1393 0.0203488 0.0303035 0.0506523 
70.2393 0.00606138 0.0374459 0.0435072 
70.3393 0.00278069 0.0476979 0.0504786 
70.4393 0.00973973 0.0545083 0.0447686 
70.5393 0.0133433 0.0634068 0.0500635 
70.6393 0.0251266 0.0689796 0.043853 
70.7393 0.0287863 0.0763513 0.047565 
70.8393 0.0373886 0.0806434 0.0432548 
70.9393 0.0398866 0.0863001 0.0464134 
71.0393 0.0468297 0.0895838 0.0427541 
71.1393 0.0501843 0.0914171 0.0412329 
71.2393 0.0543534 0.0953449 0.0409915 
71.3393 0.056742 0.0961693 0.0394272 
71.4393 0.0598069 0.0975228 0.0377158 
71.5393 0.0615554 0.0980941 0.0365387 
71.6393 0.0641572 0.0987809 0.0346237 
71.7393 0.0658573 0.0991022 0.0332449 
71.8393 0.0680659 0.0992432 0.0311773 
71.9393 0.0690714 0.0990378 0.0299664 
72.0393 0.0701269 0.0983086 0.0281817 
72.1393 0.0704288 0.0974564 0.0270275 
72.2393 0.0703638 0.0957508 0.025387 
72.3393 0.0701305 0.094421 0.0242905 
72.4393 0.0695996 0.0921582 0.0225586 
72.5393 0.0692945 0.0906248 0.0213304 
72.6393 0.0686542 0.0881339 0.0194797 
72.7393 0.0682547 0.0865196 0.0182649 
72.8393 0.0677667 0.0842497 0.016483 
72.9393 0.0676288 0.0829279 0.015299 
73.0393 0.0672321 0.0810975 0.0138654 
73.1393 0.0673103 0.0798743 0.0125639 
73.2393 0.0664735 0.0777391 0.0112656 
73.3393 0.0653684 0.076109 0.0107405 
73.4393 0.0630611 0.0735328 0.0104717 
73.5393 0.0612946 0.0718074 0.0105128 
73.6418 0.0586583 0.0691882 0.0105299 
73.7393 0.0560353 0.0674049 0.0113695 
73.8393 0.0528695 0.0648127 0.0119432 
73.9393 0.0509037 0.0631856 0.0122819 
74.0393 0.0482538 0.0608767 0.0126229 
74.1393 0.0469575 0.0594866 0.0125291 
74.2393 0.0454739 0.0576886 0.0122147 
74.3393 0.044625 0.0567703 0.0121453 
74.4393 0.043529 0.055718 0.012189 
74.5393 0.0427987 0.0552431 0.0124444 
74.6393 0.0418648 0.054725 0.0128602 
74.7393 0.0404093 0.0543747 0.0139654 
74.8393 0.0389265 0.0535268 0.0146003 
74.9393 0.037309 0.052743 0.0154339 
75.0393 0.0356707 0.0513699 0.0156993 
75.1393 0.0347599 0.0506154 0.0158555 
75.2393 0.033865 0.049648 0.015783 
75.3393 0.0334371 0.0492172 0.0157801 
75.4394 0.032937 0.0488773 0.0159403 
75.5393 0.0322337 0.0488095 0.0165759 
75.6393 0.0315727 0.0488451 0.0172724 
75.7393 0.03037 0.0487591 0.0183891 
75.8393 0.029593 0.0487312 0.0191381 
75.9393 0.0286963 0.0487528 0.0200565 
76.0404 0.0284436 0.0489482 0.0205046 
76.1393 0.0284865 0.0491985 0.020712 
76.2393 0.0290585 0.0497556 0.0206971 
76.3393 0.0295899 0.0501989 0.020609 
76.4393 0.0301202 0.0507306 0.0206104 
76.5393 0.0302485 0.0510481 0.0207996 
76.6393 0.0303548 0.0514203 0.0210656 
76.7393 0.0304847 0.0521121 0.0216274 
76.8393 0.0308923 0.0529718 0.0220794 
76.9393 0.0308763 0.0536926 0.0228163 
77.0393 0.0317138 0.0549818 0.023268 
77.1393 0.0326451 0.0560177 0.0233727 
77.2393 0.034517 0.0577298 0.0232127 
77.3393 0.0362658 0.0590045 0.0227386 
77.4393 0.0383927 0.06103 0.0226373 
77.5393 0.0394417 0.0622965 0.0228548 
77.6393 0.0413155 0.0645979 0.0232824 
77.7393 0.042414 0.0664444 0.0240304 
77.8393 0.0445757 0.0696698 0.0250941 
77.9393 0.046366 0.0721736 0.0258077 
78.0393 0.0500026 0.0765237 0.0265211 
78.1393 0.0533693 0.0801453 0.026776 
78.2393 0.05996 0.0864909 0.0265309 
78.3393 0.0650372 0.0911432 0.0261059 
78.4393 0.0734166 0.0989893 0.0255728 
78.5393 0.0794442 0.104809 0.025365 
78.6393 0.0885212 0.11375 0.025229 
78.7393 0.0956439 0.120962 0.0253183 
78.8393 0.107685 0.133274 0.0255886 
78.9393 0.115498 0.141347 0.025849 
79.0393 0.128327 0.154654 0.0263278 
79.1393 0.137901 0.164458 0.0265568 
79.2393 0.154957 0.181509 0.026552 
79.3393 0.168053 0.194467 0.0264138 
79.4393 0.188176 0.214278 0.0261024 
79.5393 0.201087 0.22694 0.0258533 
79.6393 0.221263 0.246712 0.0254488 
79.7393 0.23535 0.260495 0.0251448 
79.8393 0.258097 0.282791 0.0246945 
79.9393 0.273974 0.298367 0.0243931 
80.0393 0.298686 0.322646 0.0239598 
80.1393 0.31539 0.339054 0.0236634 
80.2393 0.338963 0.362193 0.0232306 
80.3393 0.353377 0.376322 0.0229447 
80.4393 0.378911 0.40143 0.0225188 
80.5393 0.404979 0.427215 0.022236 
80.6393 0.423421 0.445219 0.0217981 
80.7393 0.451455 0.472957 0.0215019 
80.8397 0.471035 0.492136 0.0211011 
80.9393 0.500505 0.521378 0.0208734 
81.0393 0.519913 0.540579 0.0206653 
81.1393 0.538904 0.559566 0.020662 
81.2393 0.566749 0.587582 0.0208335 
81.3393 0.595013 0.616105 0.0210918 
81.4393 0.613644 0.635336 0.0216922 
81.5393 0.632639 0.654834 0.0221954 
81.6393 0.66032 0.683499 0.023179 
81.7393 0.678254 0.702237 0.0239831 
81.8408 0.706241 0.73113 0.0248888 
81.9393 0.724439 0.75091 0.0264708 
82.0393 0.751835 0.780107 0.0282712 
82.1393 0.769839 0.799314 0.0294753 
82.2394 0.798267 0.829878 0.0316114 
82.3393 0.81713 0.850302 0.0331713 
82.4393 0.844531 0.880081 0.0355502 
82.5393 0.862257 0.899557 0.0372997 
82.6393 0.888489 0.929076 0.0405863 
82.7393 0.905663 0.948522 0.0428589 
82.8393 0.930957 0.977306 0.0463495 
82.9393 0.947514 0.996472 0.0489573 
83.0393 0.972269 1.02563 0.0533659 
83.1393 0.988026 1.04476 0.0567321 
83.2393 1.01247 1.07442 0.0619419 
83.3393 1.03035 1.09688 0.0665244 
83.4423 1.05361 1.12473 0.0711129 
83.5393 1.06618 1.14468 0.0784998 
83.6393 1.09166 1.17561 0.0839459 
83.7393 1.10309 1.19606 0.0929741 
83.8393 1.12617 1.22542 0.0992442 
83.9393 1.13529 1.24443 0.109143 
84.0393 1.15584 1.27243 0.116583 
84.1393 1.16232 1.29024 0.127921 
84.2393 1.18199 1.31785 0.135858 
84.3393 1.19048 1.33563 0.145151 
84.4393 1.203 1.36281 0.159807 
84.5393 1.21226 1.38081 0.168551 
84.6393 1.22497 1.40735 0.182371 
84.7393 1.23351 1.42485 0.191335 
84.8393 1.24368 1.45115 0.20747 
84.9393 1.24835 1.46893 0.220574 
85.0393 1.25419 1.49552 0.241333 
85.1393 1.25702 1.51287 0.255849 
85.2418 1.25173 1.52973 0.278002 
85.3393 1.26317 1.55616 0.29299 
85.4393 1.26592 1.58125 0.315335 
85.5395 1.2678 1.59821 0.330405 
85.6397 1.26142 1.61469 0.353268 
85.7393 1.27272 1.6403 0.367581 
85.8393 1.26562 1.65738 0.391758 
85.9393 1.27661 1.68411 0.407501 
86.0393 1.26798 1.69956 0.431573 
86.1393 1.27541 1.72314 0.447723 
86.2393 1.2633 1.73658 0.473279 
86.3393 1.27006 1.76069 0.490626 
86.4393 1.26207 1.77235 0.510282 
86.5393 1.25398 1.79189 0.537918 
86.6393 1.24766 1.804 0.556342 
86.7393 1.25014 1.82273 0.572589 
86.8393 1.23485 1.83304 0.598185 
86.9393 1.23178 1.84987 0.618082 
87.0393 1.21635 1.85877 0.642425 
87.1393 1.21294 1.87324 0.660296 
87.2393 1.19483 1.8813 0.686477 
87.3393 1.18897 1.89117 0.702201 
87.4393 1.1696 1.89489 0.725292 
87.5393 1.16261 1.90224 0.73963 
87.6393 1.14155 1.90438 0.762832 
87.7393 1.13205 1.90697 0.774921 
87.8393 1.10972 1.90784 0.798117 
87.9393 1.09813 1.90731 0.809175 
88.0393 1.07368 1.90541 0.83173 
88.1393 1.05872 1.90038 0.841664 
88.2393 1.03144 1.89592 0.864483 
88.3393 1.01173 1.88658 0.874859 
88.4393 0.986047 1.87875 0.892705 
88.5393 0.969415 1.86534 0.895925 
88.6393 0.942046 1.85424 0.912193 
88.7393 0.923429 1.83475 0.91132 
88.8393 0.895375 1.82072 0.925348 
88.9393 0.877776 1.79968 0.921902 
89.0393 0.850481 1.78482 0.934337 
89.1393 0.832749 1.76109 0.928343 
89.2393 0.805664 1.74476 0.939098 
89.3393 0.787576 1.71952 0.931944 
89.4393 0.759902 1.70276 0.942862 
89.5393 0.741611 1.6766 0.934991 
89.6393 0.713164 1.65884 0.945676 
89.7393 0.693774 1.64069 0.946916 
89.8393 0.674043 1.61335 0.939304 
89.9393 0.64446 1.59508 0.950622 
90.0393 0.6148 1.56771 0.952906 
90.1393 0.594922 1.55 0.955078 
90.2393 0.56627 1.5228 0.956527 
90.3393 0.546511 1.50439 0.957876 
90.4426 0.517832 1.47548 0.957646 
90.5393 0.498755 1.45584 0.95709 
90.6393 0.469027 1.42465 0.955621 
90.7393 0.450966 1.40538 0.954413 
90.8393 0.43293 1.37669 0.943759 
90.9393 0.405391 1.35743 0.952042 
91.0393 0.387668 1.32867 0.940999 
91.1393 0.360462 1.30972 0.949259 
91.2393 0.34409 1.28272 0.938631 
91.3393 0.318182 1.26536 0.947175 
91.4393 0.305125 1.25135 0.94622 
91.5393 0.282525 1.22724 0.944712 
91.6393 0.272944 1.21576 0.942819 
91.7393 0.254979 1.19369 0.938712 
91.8393 0.248742 1.18438 0.935635 
91.9393 0.234316 1.16079 0.926472 
92.0393 0.227332 1.14848 0.921143 
92.1393 0.217898 1.12983 0.911933 
92.2393 0.21146 1.1166 0.905139 
92.3393 0.202496 1.09679 0.894297 
92.4393 0.197362 1.08361 0.886244 
92.5393 0.190659 1.06345 0.872793 
92.6393 0.18622 1.04929 0.863075 
92.7393 0.180636 1.03479 0.854157 
92.8393 0.177384 1.00751 0.830131 
92.9573 0.174809 0.986833 0.812024 
93.0393 0.17214 0.971181 0.799041 
93.1393 0.170156 0.959372 0.789216 
93.2393 0.169225 0.935154 0.765929 
93.3393 0.16872 0.923638 0.754919 
93.4393 0.168912 0.900815 0.731903 
93.5393 0.169995 0.889107 0.719112 
93.6393 0.171037 0.865477 0.694441 
93.7393 0.173221 0.853046 0.679825 
93.8394 0.175154 0.828797 0.653643 
93.9393 0.178462 0.814815 0.636353 
94.0393 0.180782 0.789164 0.608382 
94.1396 0.184575 0.774794 0.590218 
94.2393 0.187164 0.756029 0.568865 
94.3393 0.190896 0.72977 0.538874 
94.4393 0.193427 0.713607 0.52018 
94.5398 0.196025 0.695738 0.499712 
94.6393 0.200332 0.672789 0.472456 
94.7393 0.202957 0.656883 0.453926 
94.8393 0.206752 0.633071 0.426319 
94.9393 0.209192 0.61697 0.407778 
95.0393 0.212649 0.591683 0.379034 
95.1393 0.21476 0.567444 0.352683 
95.2393 0.217678 0.548893 0.331216 
95.3393 0.219508 0.531665 0.312157 
95.4393 0.222078 0.506034 0.283955 
95.5393 0.223709 0.489043 0.265334 
95.6393 0.226044 0.464509 0.238465 
95.7393 0.227522 0.448794 0.221273 
95.8394 0.22967 0.434666 0.204996 
95.9393 0.231104 0.41324 0.182136 
96.0393 0.233151 0.394473 0.161322 
96.1393 0.234387 0.382637 0.14825 
96.2393 0.235596 0.366699 0.131103 
96.3393 0.23602 0.357052 0.121032 
96.4393 0.235573 0.34288 0.107307 
96.5393 0.234593 0.333892 0.0992988 
96.6393 0.231213 0.321228 0.090015 
96.7402 0.228715 0.311624 0.0829095 
96.8393 0.223061 0.301756 0.0786957 
96.9394 0.218773 0.293553 0.0747805 
97.0408 0.211213 0.283385 0.0721718 
97.1394 0.205832 0.277091 0.0712593 
97.2393 0.200331 0.27154 0.0712081 
97.3394 0.19174 0.264517 0.0727777 
97.4393 0.185903 0.260359 0.0744567 
97.5393 0.176805 0.255084 0.0782789 
97.6393 0.170669 0.252301 0.0816321 
97.7393 0.161223 0.24894 0.0877168 
97.8393 0.156258 0.247679 0.091421 
97.9393 0.147677 0.245974 0.0982972 
98.0393 0.142083 0.244971 0.102887 
98.1393 0.13385 0.243934 0.110085 
98.2393 0.128663 0.243395 0.114733 
98.3393 0.121188 0.242775 0.121587 
98.4393 0.116419 0.242522 0.126103 
98.5393 0.109665 0.24229 0.132625 
98.6393 0.105424 0.242223 0.136799 
98.7393 0.0992675 0.242266 0.142998 
98.8393 0.0953299 0.242338 0.147008 
98.9393 0.0894736 0.242484 0.15301 
99.0393 0.0858627 0.242615 0.156752 
99.1393 0.0805359 0.242811 0.162275 
99.2393 0.077021 0.242947 0.165927 
99.3393 0.0720165 0.243158 0.171141 
99.4393 0.0687861 0.243302 0.174516 
99.5393 0.0642065 0.24351 0.179304 
99.6393 0.0613292 0.24359 0.182261 
99.7393 0.056867 0.243231 0.186364 
99.8393 0.0542141 0.242481 0.188267 
99.9399 0.0505069 0.241431 0.190924 
100.039 0.0481784 0.238457 0.190279 
100.139 0.0448713 0.234341 0.18947 
100.239 0.0428445 0.231013 0.188169 
100.339 0.0399495 0.225014 0.185065 
100.439 0.0380624 0.220362 0.1823 
100.539 0.036276 0.215267 0.178991 
100.639 0.0338441 0.20702 0.173176 
100.739 0.0320675 0.200495 0.168428 
100.839 0.0300206 0.192387 0.162366 
100.939 0.0284442 0.185377 0.156933 
101.039 0.0266825 0.176853 0.15017 
101.139 0.0254525 0.170656 0.145204 
101.24 0.0235336 0.160921 0.137387 
101.339 0.0226488 0.156047 0.133398 
101.439 0.0211448 0.147588 0.126444 
101.539 0.0201809 0.142028 0.121847 
101.65 0.0188184 0.133981 0.115163 
101.739 0.0179591 0.12875 0.110791 
101.839 0.0167373 0.121246 0.104508 
101.939 0.015954 0.116487 0.100533 
102.039 0.0147566 0.109419 0.0946626 
102.14 0.0139705 0.10485 0.0908794 
102.239 0.0128834 0.0984343 0.085551 
102.339 0.0122204 0.0943408 0.0821204 
102.612 0.0103682 0.0814033 0.0710352 
102.8 0.0092723 0.0733079 0.0640357 
102.814 0.0092723 0.0733079 0.0640357 
102.921 0.00886012 0.0703232 0.0614631 
103.017 0.00842204 0.0671152 0.0586931 
103.112 0.00788089 0.0630847 0.0552038 
103.212 0.00748649 0.0602073 0.0527208 
103.332 0.0069169 0.0560018 0.0490849 
103.412 0.00671327 0.0545731 0.0478598 
103.512 0.00624392 0.0513169 0.045073 
103.629 0.00579621 0.0481859 0.0423897 
103.784 0.00522134 0.04432 0.0390987 
103.844 0.00508601 0.043405 0.038319 
103.952 0.00468798 0.040752 0.0360641 
104.012 0.00462826 0.0399436 0.0353154 
104.112 0.00420731 0.0371813 0.032974 
104.212 0.00395296 0.0356697 0.0317167 
104.323 0.00372427 0.0333241 0.0295998 
104.412 0.00359649 0.0320691 0.0284726 
104.529 0.00334874 0.0301945 0.0268457 
104.612 0.00319837 0.0290446 0.0258462 
104.712 0.00293739 0.027916 0.0249786 
104.812 0.00280334 0.0262658 0.0234624 
104.912 0.00261695 0.0253249 0.022708 
105.092 0.0023754 0.022857 0.0204816 
105.112 0.00231754 0.0228983 0.0205808 
105.212 0.00220147 0.0215183 0.0193168 
105.365 0.00200356 0.0198421 0.0178385 
105.445 0.00191276 0.0190544 0.0171416 
105.522 0.00183781 0.0187195 0.0168816 
105.636 0.00169352 0.0175553 0.0158618 
105.773 0.00161115 0.0161332 0.0145221 
105.812 0.00158024 0.0157926 0.0142124 
105.912 0.00143559 0.0150977 0.0136622 
106.012 0.00139805 0.0141539 0.0127558 
106.112 0.00127153 0.0135526 0.0122811 
106.218 0.0012401 0.0127065 0.0114664 
106.312 0.00111871 0.0121859 0.0110672 
106.412 0.00108656 0.0114468 0.0103602 
106.512 0.000965723 0.0109809 0.0100152 
106.612 0.000953836 0.0103169 0.00936303 
106.712 0.000861927 0.00986553 0.0090036 
106.812 0.000842752 0.00952192 0.00867917 
106.913 0.000764534 0.00888964 0.0081251 
107.012 0.000744177 0.00851693 0.00777275 
107.112 0.000673373 0.0081887 0.00751532 
107.212 0.000659291 0.00767124 0.00701195 
107.312 0.000593836 0.0073613 0.00676746 
107.412 0.000581386 0.00693409 0.0063527 
107.512 0.000517518 0.00667984 0.00616232 
107.612 0.000508045 0.00641638 0.00590834 
107.712 0.000460489 0.00602414 0.00556365 
107.812 0.000442506 0.00579706 0.00535456 
107.912 0.000409916 0.00558558 0.00517566 
108.012 0.000390788 0.00521568 0.0048249 
108.112 0.000364091 0.00502313 0.00465904 
108.212 0.000350545 0.00471757 0.00436703 
108.312 0.000334833 0.00454585 0.00421101 
108.412 0.000326483 0.00426763 0.00394114 
108.512 0.000319172 0.00410528 0.0037861 
108.612 0.000319304 0.0038494 0.00353009 
108.712 0.000309751 0.0036946 0.00338485 
108.812 0.00032141 0.00346954 0.00314813 
108.912 0.000307539 0.00331808 0.00301054 
109.012 0.000316314 0.00310417 0.00278785 
109.112 0.000319486 0.00298041 0.00266092 
109.212 0.000323461 0.00278767 0.00246421 
109.312 0.000321876 0.00267639 0.00235452 
109.412 0.000320782 0.00249126 0.00217048 
109.512 0.000314652 0.00238828 0.00207363 
109.612 0.000307958 0.0022288 0.00192084 
109.712 0.000296491 0.00214206 0.00184557 
109.812 0.000287604 0.00199719 0.00170959 
109.912 0.000272858 0.00191367 0.00164082 
110.012 0.000262804 0.00182976 0.00156695 
110.112 0.00025272 0.00170802 0.0014553 
110.212 0.000241993 0.00163318 0.00139119 
110.312 0.000234877 0.00152111 0.00128623 
110.412 0.000226159 0.00145694 0.00123078 
110.512 0.000220985 0.00134367 0.00112269 
110.612 0.00021404 0.00128193 0.00106789 
110.712 0.000210841 0.00118253 0.000971688 
110.812 0.000206942 0.00112315 0.000916207 
110.912 0.000204898 0.00103263 0.00082773 
111.012 0.00020251 0.000979058 0.000776547 
111.112 0.000201376 0.000897087 0.000695711 
111.212 0.000200315 0.000848824 0.000648509 
111.312 0.000199959 0.000775909 0.00057595 
111.432 0.000200173 0.000709665 0.000509491 
111.512 0.000200925 0.000667786 0.000466861 
111.612 0.000202797 0.000629005 0.000426209 
111.712 0.000204668 0.000572093 0.000367425 
111.812 0.000206546 0.000538667 0.000332122 
111.912 0.000207843 0.000502957 0.000295115 
112.012 0.000207854 0.000456795 0.000248941 
112.112 0.000209351 0.000429838 0.000220487 
112.212 0.00020842 0.000386713 0.000178293 
112.312 0.000209273 0.000365179 0.000155906 
112.412 0.000207859 0.000333284 0.000125426 
112.512 0.000208238 0.000315416 0.000107178 
112.622 0.000207609 0.000289547 8.1938e-05 
112.712 0.000207347 0.000274587 6.72402e-05 
112.812 0.000206053 0.000261336 5.52828e-05 
112.912 0.00020712 0.000244854 3.77337e-05 
113.014 0.000205929 0.000235593 2.96644e-05 
113.112 0.000206914 0.000222189 1.52758e-05 
113.212 0.000207266 0.000215046 7.78062e-06 
113.312 0.00021125 0.000213102 1.8523e-06 
113.412 0.000210636 0.000203931 6.70504e-06 
113.512 0.000212067 0.000199619 1.24475e-05 
113.612 0.000211909 0.000193459 1.84503e-05 
113.712 0.000212077 0.000184184 2.78931e-05 
113.812 0.000212323 0.000176979 3.53437e-05 
113.912 0.000213004 0.000164978 4.80257e-05 
114.012 0.000213603 0.000156234 5.73692e-05 
114.138 0.000214597 0.000141108 7.3489e-05 
114.212 0.000215291 0.000129339 8.59515e-05 
114.312 0.000216469 0.00011072 0.000105748 
114.412 0.000217402 9.859e-05 0.000118812 
114.512 0.000218414 8.77152e-05 0.000130699 
114.612 0.000220103 6.96515e-05 0.000150452 
114.712 0.000221268 5.86232e-05 0.000162645 
114.812 0.000223143 4.30572e-05 0.000180085 
114.912 0.00022551 3.47405e-05 0.000190769 
115.012 0.000226485 2.03342e-05 0.000206151 
115.112 0.000227749 1.175e-05 0.000215999 
115.212 0.000229496 3.53215e-07 0.000229849 
115.312 0.000230693 7.99525e-06 0.000238688 
115.412 0.000231708 1.96911e-05 0.000251399 
115.512 0.000232269 2.7401e-05 0.00025967 
115.612 0.000232867 3.80982e-05 0.000270965 
115.712 0.000232986 4.38442e-05 0.00027683 
115.812 0.000233413 5.07904e-05 0.000284203 
115.912 0.00023235 5.58489e-05 0.000288199 
116.012 0.000232682 6.08582e-05 0.00029354 
116.112 0.00023155 6.43604e-05 0.000295911 
116.212 0.000231596 6.95612e-05 0.000301158 
116.312 0.000230861 7.28077e-05 0.000303668 
116.412 0.000229938 7.55565e-05 0.000305494 
116.512 0.000229333 8.05157e-05 0.000309849 
116.612 0.000228634 8.28269e-05 0.000311461 
116.712 0.000228315 8.67576e-05 0.000315072 
116.812 0.000227822 8.80743e-05 0.000315896 
116.912 0.000227643 9.07962e-05 0.00031844 
117.012 0.000227566 9.11771e-05 0.000318743 
117.112 0.000227305 9.31372e-05 0.000320443 
117.212 0.000225836 9.33667e-05 0.000319202 
117.312 0.000225913 9.26426e-05 0.000318555 
117.412 0.000222926 9.15978e-05 0.000314524 
117.512 0.000222162 8.95556e-05 0.000311718 
117.613 0.000218401 8.80256e-05 0.000306427 
117.712 0.000217582 8.57337e-05 0.000303316 
117.812 0.000214003 8.43879e-05 0.000298391 
117.912 0.000212385 8.26415e-05 0.000295027 
118.012 0.000207198 8.15746e-05 0.000288772 
118.112 0.000204841 8.00725e-05 0.000284913 
118.212 0.000199445 7.90704e-05 0.000278515 
118.312 0.00019815 7.80568e-05 0.000276207 
118.438 0.000197392 7.76784e-05 0.000275071 
118.512 0.000197524 7.85534e-05 0.000276078 
118.612 0.000199397 7.7908e-05 0.000277305 
118.712 0.000200197 8.00266e-05 0.000280224 
118.812 0.000200208 7.99866e-05 0.000280195 
118.912 0.00019952 8.088e-05 0.0002804 
119.012 0.000197142 8.17609e-05 0.000278903 
119.149 0.000193185 8.28739e-05 0.000276059 
119.212 0.000191539 8.3689e-05 0.000275228 
119.312 0.000190622 8.43314e-05 0.000274953 
119.412 0.000185708 8.38852e-05 0.000269593 
119.512 0.000182139 8.60607e-05 0.0002682 
119.646 0.000174135 8.64764e-05 0.000260612 
119.712 0.000171969 8.63574e-05 0.000258327 
119.863 0.000164179 8.73853e-05 0.000251565 
119.912 0.000163251 8.77005e-05 0.000250952 
120.012 0.000161169 8.8886e-05 0.000250055 
120.112 0.000160074 8.97991e-05 0.000249873 
120.212 0.000158213 8.95866e-05 0.0002478 
120.312 0.000156025 9.14646e-05 0.000247489 
120.415 0.000151337 9.16679e-05 0.000243005 
120.512 0.000147764 9.343e-05 0.000241194 
120.612 0.000145028 9.36034e-05 0.000238631 
120.712 0.000140767 9.50992e-05 0.000235866 
120.812 0.000140359 9.46925e-05 0.000235052 
120.936 0.000137225 9.56755e-05 0.0002329 
121.046 0.000135253 9.71725e-05 0.000232425 
121.112 0.00013356 9.76624e-05 0.000231222 
121.212 0.000132603 9.75683e-05 0.000230172 
121.312 0.000131103 9.77998e-05 0.000228903 
121.412 0.00013001 9.8199e-05 0.000228209 
121.512 0.000128642 9.85088e-05 0.000227151 
121.612 0.000128213 9.88889e-05 0.000227102 
121.761 0.000128284 9.83457e-05 0.00022663 
121.818 0.000128388 9.8551e-05 0.000226939 
121.912 0.000128221 9.86909e-05 0.000226912 
122.012 0.000128944 9.81912e-05 0.000227135 
122.112 0.00012944 9.83592e-05 0.0002278 
122.212 0.000131349 9.807e-05 0.000229419 
122.312 0.00013311 9.78724e-05 0.000230982 
122.412 0.00013342 9.76541e-05 0.000231074 
122.512 0.000133674 9.6667e-05 0.000230341 
122.612 0.000133128 9.56938e-05 0.000228822 
122.713 0.000132823 9.39228e-05 0.000226745 
122.812 0.000132718 9.25181e-05 0.000225236 
122.912 0.00013316 9.01546e-05 0.000223314 
123.012 0.000133604 8.77073e-05 0.000221311 
123.112 0.000134119 8.56845e-05 0.000219804 
123.212 0.00013383 8.36122e-05 0.000217442 
123.312 0.000134035 8.0821e-05 0.000214856 
123.412 0.000134814 7.84745e-05 0.000213289 
123.512 0.00013579 7.58505e-05 0.000211641 
123.612 0.000136263 7.30124e-05 0.000209276 
123.712 0.000136362 7.12163e-05 0.000207578 
123.813 0.000135359 6.92841e-05 0.000204643 
123.912 0.000134324 6.80741e-05 0.000202398 
124.015 0.000132558 6.61506e-05 0.000198709 
124.113 0.000131328 6.48658e-05 0.000196193 
124.212 0.000130039 6.29211e-05 0.000192961 
124.312 0.000127814 6.10185e-05 0.000188833 
124.412 0.000126147 5.87674e-05 0.000184915 
124.512 0.000123862 5.65797e-05 0.000180441 
124.612 0.00012234 5.38634e-05 0.000176203 
124.713 0.000121078 5.17094e-05 0.000172788 
124.812 0.000121656 4.82921e-05 0.000169948 
124.912 0.000122106 4.59213e-05 0.000168028 
125.012 0.000123206 4.22386e-05 0.000165445 
125.112 0.000124186 3.96402e-05 0.000163826 
125.212 0.000125824 3.54355e-05 0.000161259 
125.312 0.000127193 3.25307e-05 0.000159724 
125.412 0.000129121 2.84529e-05 0.000157574 
125.512 0.000131007 2.55202e-05 0.000156527 
125.612 0.00013219 2.23907e-05 0.000154581 
125.712 0.000133743 1.95075e-05 0.00015325 
125.812 0.000134343 1.70805e-05 0.000151423 
125.912 0.000135075 1.35303e-05 0.000148606 
126.012 0.000135711 1.11643e-05 0.000146875 
126.112 0.000136412 8.44431e-06 0.000144856 
126.212 0.000137015 6.61507e-06 0.00014363 
126.312 0.000137471 3.73932e-06 0.000141211 
126.412 0.000137771 1.41459e-06 0.000139185 
126.512 0.000137838 1.72229e-06 0.000136115 
126.612 0.000137349 4.22107e-06 0.000133128 
126.712 0.000136783 8.17961e-06 0.000128603 
126.812 0.000135661 1.11317e-05 0.000124529 
126.912 0.000135007 1.54308e-05 0.000119576 
127.012 0.000134348 1.81381e-05 0.00011621 
127.112 0.000133346 2.16047e-05 0.000111741 
127.212 0.000133082 2.38269e-05 0.000109256 
127.312 0.000132434 2.62275e-05 0.000106207 
127.412 0.000132509 2.77888e-05 0.00010472 
127.512 0.000132081 2.87695e-05 0.000103311 
127.612 0.000132133 2.93706e-05 0.000102762 
127.712 0.000131235 2.91975e-05 0.000102037 
127.812 0.000131078 2.81529e-05 0.000102925 
127.912 0.00013022 2.68992e-05 0.00010332 
128.012 0.00012973 2.41831e-05 0.000105547 
128.113 0.000128559 2.17582e-05 0.000106801 
128.212 0.000128282 1.85425e-05 0.000109739 
128.312 0.00012749 1.60876e-05 0.000111403 
128.501 0.000126433 1.02376e-05 0.000116195 
128.521 0.000125758 1.02376e-05 0.00011552 
128.63 0.00012448 7.75403e-06 0.000116726 
128.712 0.000122918 6.74999e-06 0.000116168 
128.815 0.00012146 6.32988e-06 0.00011513 
128.915 0.000119557 6.72215e-06 0.000112835 
129.012 0.00011843 8.33773e-06 0.000110092 
129.112 0.000118675 9.95924e-06 0.000108716 
129.212 0.000119343 1.27172e-05 0.000106626 
129.312 0.000118746 1.4406e-05 0.00010434 
129.412 0.000118307 1.64203e-05 0.000101886 
129.512 0.000117309 1.75323e-05 9.97769e-05 
129.612 0.000116364 1.82566e-05 9.81069e-05 
129.712 0.000115265 1.92319e-05 9.60329e-05 
129.812 0.00011311 1.97136e-05 9.33965e-05 
129.912 0.000112603 1.99044e-05 9.26984e-05 
130.012 0.000112289 1.98266e-05 9.24627e-05 
130.112 0.00011215 1.94075e-05 9.27427e-05 
130.212 0.000111697 1.90912e-05 9.26061e-05 
130.312 0.000111467 1.87575e-05 9.27094e-05 
130.412 0.000111427 1.88155e-05 9.26115e-05 
130.512 0.000111589 1.92291e-05 9.23599e-05 
130.612 0.000111566 2.03713e-05 9.11949e-05 
130.712 0.00011131 2.185e-05 8.94603e-05 
130.812 0.000111098 2.33261e-05 8.77722e-05 
130.912 0.000110315 2.58094e-05 8.45057e-05 
131.012 0.000109432 2.76847e-05 8.1747e-05 
131.112 0.000108134 3.0824e-05 7.73103e-05 
131.212 0.000107567 3.31732e-05 7.43934e-05 
131.312 0.000106828 3.68513e-05 6.99768e-05 
131.412 0.000106284 3.95763e-05 6.67073e-05 
131.512 0.000105538 4.18956e-05 6.36428e-05 
131.612 0.000104409 4.53473e-05 5.90615e-05 
131.712 0.000102705 4.71515e-05 5.55535e-05 
131.812 0.000101369 4.9195e-05 5.21743e-05 
131.915 9.88836e-05 4.9902e-05 4.89816e-05 
132.012 9.71114e-05 5.00384e-05 4.70731e-05 
132.112 9.5612e-05 4.83615e-05 4.72505e-05 
132.212 9.36633e-05 4.63631e-05 4.73002e-05 
132.312 9.27058e-05 4.34158e-05 4.92901e-05 
132.412 9.10372e-05 4.06196e-05 5.04175e-05 
132.512 9.00316e-05 3.79993e-05 5.20323e-05 
132.612 8.86337e-05 3.39856e-05 5.46481e-05 
132.712 8.7893e-05 3.13867e-05 5.65064e-05 
132.812 8.71657e-05 2.77344e-05 5.94314e-05 
132.912 8.6994e-05 2.54704e-05 6.15236e-05 
133.012 8.70161e-05 2.3482e-05 6.35342e-05 
133.112 8.72213e-05 2.27632e-05 6.4458e-05 
133.212 8.72684e-05 2.25061e-05 6.47623e-05 
133.312 8.7159e-05 2.29929e-05 6.41661e-05 
133.412 8.59182e-05 2.44303e-05 6.14879e-05 
133.512 8.48449e-05 2.61565e-05 5.86884e-05 
133.612 8.27333e-05 2.90204e-05 5.37129e-05 
133.712 8.14265e-05 3.15085e-05 4.9918e-05 
133.812 7.93268e-05 3.54837e-05 4.3843e-05 
133.912 7.83758e-05 3.86612e-05 3.97146e-05 
134.012 7.77604e-05 4.23119e-05 3.54485e-05 
134.112 7.61692e-05 4.829e-05 2.78792e-05 
134.212 7.47681e-05 5.40736e-05 2.06946e-05 
134.312 7.32475e-05 5.877e-05 1.44776e-05 
134.413 7.10079e-05 6.5429e-05 5.57892e-06 
134.512 6.98783e-05 7.11988e-05 1.32052e-06 
134.612 6.79785e-05 7.4585e-05 6.60645e-06 
134.712 6.73642e-05 7.80464e-05 1.06822e-05 
134.812 6.58929e-05 8.2073e-05 1.61801e-05 
134.912 6.56278e-05 8.45537e-05 1.89259e-05 
135.012 6.50036e-05 8.79459e-05 2.29424e-05 
135.112 6.52291e-05 9.03518e-05 2.51227e-05 
135.212 6.61593e-05 9.26035e-05 2.64442e-05 
135.312 6.71184e-05 9.46385e-05 2.752e-05 
135.412 6.86693e-05 9.58555e-05 2.71862e-05 
135.512 6.99838e-05 9.67481e-05 2.67643e-05 
135.612 7.19559e-05 9.73246e-05 2.53687e-05 
135.712 7.32435e-05 9.68851e-05 2.36417e-05 
135.812 7.51753e-05 9.66173e-05 2.1442e-05 
135.912 7.65446e-05 9.5168e-05 1.86234e-05 
136.012 7.88416e-05 9.45226e-05 1.5681e-05 
136.112 8.06044e-05 9.23112e-05 1.17068e-05 
136.212 8.32176e-05 9.11133e-05 7.89572e-06 
136.312 8.49923e-05 8.77685e-05 2.77625e-06 
136.412 8.7547e-05 8.57864e-05 1.7606e-06 
