1.75368 2.08503e-05 2.29782e-05 4.38285e-05 
1.85436 2.61352e-05 1.72545e-05 8.88068e-06 
1.95369 7.22714e-06 4.79168e-06 1.20188e-05 
2.05368 0.000169422 2.51993e-05 0.000144223 
2.15369 5.06398e-06 3.59001e-05 4.0964e-05 
2.25371 6.92486e-07 1.02471e-06 3.32228e-07 
2.35368 4.23868e-05 2.46172e-06 3.99251e-05 
2.4537 4.16597e-05 1.03813e-05 3.12784e-05 
2.55384 1.78418e-06 4.63587e-05 4.81429e-05 
2.65369 2.10712e-05 3.28052e-06 2.43517e-05 
2.75369 5.71304e-05 1.31522e-05 7.02826e-05 
2.85367 1.12571e-05 1.59757e-05 2.72328e-05 
2.95368 5.03691e-05 1.00883e-05 6.04574e-05 
3.0537 3.59458e-05 3.04354e-05 5.51038e-06 
3.15374 1.12128e-05 5.07323e-05 3.95195e-05 
3.25369 1.44363e-05 2.29869e-05 8.55067e-06 
3.35378 4.60599e-06 1.98997e-05 2.45056e-05 
3.45369 1.75041e-05 2.1223e-05 3.8727e-05 
3.55367 1.67189e-06 1.71686e-06 4.49758e-08 
3.65369 1.73047e-06 1.20113e-05 1.37418e-05 
3.75369 4.50653e-05 9.10214e-06 5.41675e-05 
3.85368 8.80238e-07 4.44948e-05 4.5375e-05 
3.95367 8.06396e-06 2.84677e-05 3.65317e-05 
4.05369 1.12177e-05 1.44565e-05 2.56742e-05 
4.15369 3.04278e-05 6.46527e-06 2.39625e-05 
4.2537 4.29697e-05 3.05646e-05 1.24052e-05 
4.35367 3.35651e-05 8.70308e-08 3.36521e-05 
4.4537 1.24053e-05 3.88881e-05 5.12934e-05 
4.55368 1.66486e-05 1.37689e-05 3.04175e-05 
4.65368 7.44159e-05 1.93407e-06 7.635e-05 
4.75369 3.52654e-05 7.38241e-06 4.26478e-05 
4.85368 1.0801e-05 5.19828e-06 5.60275e-06 
4.95367 6.03293e-06 2.80884e-05 3.41213e-05 
5.05369 1.34617e-05 0.000112037 0.000125499 
5.15369 3.44195e-06 4.54591e-05 4.89011e-05 
5.2537 7.02042e-06 5.48862e-06 1.2509e-05 
5.35368 1.66011e-05 8.86386e-06 7.73724e-06 
5.45369 1.99083e-05 1.80877e-05 1.82061e-06 
5.55368 2.08935e-05 1.98695e-05 1.02404e-06 
5.65368 0.000101125 5.43617e-05 4.67637e-05 
5.75368 2.43045e-05 3.61667e-05 1.18622e-05 
5.85369 4.74699e-05 1.94457e-06 4.94145e-05 
5.95367 1.07619e-05 5.09477e-05 4.01858e-05 
6.05367 2.07084e-05 3.68505e-05 1.61422e-05 
6.15367 1.58909e-05 1.01368e-05 5.75406e-06 
6.25368 2.59077e-06 8.00418e-08 2.67081e-06 
6.35369 5.00434e-07 1.81928e-05 1.86932e-05 
6.45368 0.000113387 4.5745e-05 6.76418e-05 
6.55368 2.58754e-06 3.03828e-05 3.29704e-05 
6.65367 8.98385e-06 5.25539e-06 3.72846e-06 
6.75367 4.88571e-05 2.27159e-05 2.61413e-05 
6.85371 2.66998e-06 2.55961e-05 2.29261e-05 
6.95369 5.35628e-05 7.90185e-05 2.54557e-05 
7.05368 3.38837e-05 1.25332e-05 4.64169e-05 
7.15368 0.000125456 5.44536e-07 0.000126001 
7.25368 0.000262765 2.09218e-05 0.000283687 
7.35368 4.9984e-06 2.49155e-05 2.99139e-05 
7.45368 1.07927e-05 0.000101431 9.06387e-05 
7.55367 1.46758e-05 3.6538e-05 2.18622e-05 
7.65369 7.397e-05 3.68447e-05 0.000110815 
7.75373 4.02123e-05 1.29457e-05 5.31581e-05 
7.85386 9.48179e-07 1.94374e-07 1.14255e-06 
7.95368 3.74186e-05 2.26554e-05 6.0074e-05 
8.05368 4.30469e-06 2.01206e-06 2.29262e-06 
8.15367 2.56138e-05 9.97856e-07 2.46159e-05 
8.25381 3.21737e-05 4.15625e-05 9.38873e-06 
8.35368 3.10873e-06 3.0979e-05 2.78703e-05 
8.45368 3.33272e-06 3.41432e-07 3.67415e-06 
8.55368 1.19268e-05 1.14978e-05 2.34247e-05 
8.65368 3.21764e-06 7.89443e-06 4.67679e-06 
8.75367 2.11856e-05 3.23913e-05 5.3577e-05 
8.85368 4.03821e-05 6.05787e-05 2.01967e-05 
8.95368 5.52879e-05 1.42724e-05 6.95603e-05 
9.05368 2.36861e-05 1.93735e-05 4.30596e-05 
9.15368 2.90362e-05 1.58364e-05 1.31998e-05 
9.25368 1.84957e-05 2.09152e-05 2.41948e-06 
9.35367 1.42674e-05 5.04122e-05 6.46796e-05 
9.45368 1.65271e-05 1.66147e-05 8.75992e-08 
9.55368 3.71848e-05 6.46797e-05 2.74949e-05 
9.65368 5.61609e-06 4.76297e-05 5.32458e-05 
9.75368 8.55679e-07 7.50931e-05 7.59488e-05 
9.85368 2.82978e-05 3.4115e-05 5.81721e-06 
9.95368 2.74241e-05 1.53251e-06 2.58916e-05 
10.0537 3.90931e-05 3.35828e-06 4.24513e-05 
10.1537 6.34902e-06 5.14443e-06 1.20459e-06 
10.2537 2.53545e-05 8.67556e-06 1.66789e-05 
10.3537 2.44279e-05 2.10198e-05 3.40803e-06 
10.4537 1.2506e-05 1.63001e-05 2.88061e-05 
10.5537 6.88258e-06 2.61817e-05 1.92991e-05 
10.6537 1.36985e-06 3.54996e-05 3.41297e-05 
10.7537 3.67324e-06 5.17042e-05 5.53775e-05 
10.8537 1.76165e-05 2.58997e-05 8.28314e-06 
10.9537 2.5374e-06 1.83973e-05 1.58599e-05 
11.0559 1.67189e-06 2.32437e-06 6.5248e-07 
11.1537 6.40809e-06 2.56238e-05 1.92157e-05 
11.2537 2.4059e-05 1.69962e-06 2.57586e-05 
11.3537 8.98873e-05 3.88355e-05 5.10517e-05 
11.4537 1.088e-05 2.74146e-05 3.82946e-05 
11.5537 1.43079e-05 2.19012e-05 7.59327e-06 
11.6537 6.51771e-05 1.82461e-05 8.34232e-05 
11.7537 2.78241e-05 4.79293e-06 3.2617e-05 
11.8537 1.5752e-05 4.19324e-06 1.99452e-05 
11.9537 4.85438e-05 2.30645e-05 2.54793e-05 
12.0537 5.23577e-06 2.84881e-05 2.32524e-05 
12.1537 1.20941e-05 5.75274e-06 1.78469e-05 
12.2537 3.72637e-05 6.57868e-05 0.000103051 
12.3537 9.16458e-05 6.54876e-06 8.50971e-05 
12.4537 2.17816e-05 2.02509e-05 1.53075e-06 
12.5537 9.19877e-05 1.27154e-05 0.000104703 
12.6537 6.66295e-06 1.20228e-05 5.35988e-06 
12.7537 8.78099e-06 4.11303e-05 3.23493e-05 
12.8537 4.38494e-05 5.2945e-05 9.09562e-06 
12.9537 1.34306e-05 8.01796e-06 2.14486e-05 
13.0537 3.01417e-05 2.25006e-06 3.23918e-05 
13.1537 2.9587e-06 2.26173e-05 2.5576e-05 
13.2537 2.4936e-05 0.000114095 8.91588e-05 
13.3553 2.15378e-05 2.25631e-05 1.02525e-06 
13.4558 7.0375e-05 1.74899e-05 5.28851e-05 
13.5537 5.75468e-07 7.73434e-05 7.67679e-05 
13.6537 8.55711e-07 1.0323e-08 8.66034e-07 
13.7537 5.20712e-06 5.6237e-05 6.14441e-05 
13.8537 2.08637e-06 5.83663e-05 6.04527e-05 
13.9564 1.25115e-06 0.00014253 0.000141279 
14.0538 1.82449e-05 0.000133975 0.00011573 
14.1537 2.63307e-05 5.32815e-05 2.69508e-05 
14.2537 7.05939e-05 4.62668e-06 6.59672e-05 
14.3537 6.30362e-05 2.91319e-05 9.21681e-05 
14.4537 3.6417e-05 1.41709e-05 2.22461e-05 
14.5547 2.16401e-05 0.000145252 0.000123612 
14.6537 6.33983e-05 1.48529e-05 7.82512e-05 
14.7537 3.24539e-06 2.11985e-06 1.12554e-06 
14.8537 2.04174e-05 2.4662e-05 4.24458e-06 
14.9537 7.07545e-06 1.08754e-05 1.79508e-05 
15.0537 1.09154e-05 6.36501e-06 4.55036e-06 
15.1537 2.08452e-05 2.34413e-05 4.42865e-05 
15.2537 5.87781e-05 0.000156357 9.75785e-05 
15.3537 1.91734e-05 0.000229154 0.000209981 
15.4537 1.4675e-05 4.54973e-05 3.08222e-05 
15.5537 3.01789e-05 1.83514e-06 3.2014e-05 
15.6537 7.51841e-07 8.33653e-05 8.41171e-05 
15.7537 8.39632e-05 1.66924e-06 8.2294e-05 
15.8537 1.32978e-05 3.34962e-06 9.9482e-06 
15.9537 8.01387e-05 1.14004e-06 7.89987e-05 
16.0537 5.45211e-05 1.51322e-05 3.93889e-05 
16.1537 1.10474e-05 1.36684e-05 2.62104e-06 
16.2537 1.80153e-05 3.68313e-05 1.8816e-05 
16.3537 9.68325e-06 2.12184e-05 3.09016e-05 
16.4537 9.96772e-06 9.26359e-06 7.04135e-07 
16.5537 3.12741e-05 3.17236e-05 4.49525e-07 
16.6538 9.02543e-05 2.53801e-06 8.77163e-05 
16.7537 2.77615e-05 1.35296e-05 1.42319e-05 
16.8549 5.86567e-06 1.89951e-05 1.31294e-05 
16.9537 3.14483e-05 8.67099e-05 0.000118158 
17.0537 0.000121629 3.64297e-05 8.51994e-05 
17.1537 1.04159e-05 5.60186e-06 4.81401e-06 
17.2537 1.1604e-05 4.95004e-05 3.78964e-05 
17.3537 5.40065e-06 1.83601e-05 2.37608e-05 
17.4537 1.02185e-05 1.51256e-05 4.90713e-06 
17.5537 6.82987e-06 3.07942e-05 3.7624e-05 
17.6537 2.03418e-06 4.24726e-05 4.45067e-05 
17.7537 1.13164e-05 5.63319e-05 6.76483e-05 
17.8537 2.37418e-05 6.57535e-05 8.94953e-05 
17.9538 2.50619e-05 4.03865e-05 1.53245e-05 
18.0543 4.10092e-05 1.08701e-06 4.20962e-05 
18.1542 2.31542e-06 4.15621e-05 4.38775e-05 
18.2537 7.99354e-06 4.87249e-05 5.67185e-05 
18.3537 3.5643e-05 1.49725e-05 2.06705e-05 
18.4537 1.18662e-05 1.16665e-05 1.99658e-07 
18.5537 6.22861e-05 2.21411e-05 4.01449e-05 
18.6537 4.69223e-06 1.30626e-05 1.77548e-05 
18.7537 0.000138606 4.50873e-05 9.35185e-05 
18.8537 0.00014639 2.83506e-06 0.000143555 
18.9537 9.56042e-06 4.05556e-05 5.01161e-05 
19.0537 4.66704e-05 4.23628e-06 5.09067e-05 
19.1541 4.1257e-05 9.18254e-06 5.04396e-05 
19.2562 3.4551e-05 6.31243e-07 3.39197e-05 
19.3537 5.18108e-06 8.36584e-06 1.35469e-05 
19.4537 9.99755e-06 5.99541e-06 4.00214e-06 
19.5537 3.68132e-06 6.78485e-06 3.10353e-06 
19.6537 5.9087e-06 1.49304e-05 2.08391e-05 
19.7537 2.29522e-07 7.7271e-07 1.00223e-06 
19.8537 3.07856e-05 4.92054e-05 1.84198e-05 
19.9537 3.53634e-06 5.63284e-05 5.27921e-05 
20.0537 2.69248e-06 5.65609e-05 5.92534e-05 
20.1537 3.0555e-05 2.62761e-05 5.68311e-05 
20.2537 6.13624e-06 5.29078e-06 8.45459e-07 
20.3537 9.6655e-06 2.85897e-05 1.89242e-05 
20.4537 2.80088e-05 6.38388e-05 3.58299e-05 
20.5537 4.4482e-05 1.05539e-05 3.3928e-05 
20.6537 1.27298e-06 1.99458e-06 7.21602e-07 
20.7537 1.22247e-05 7.51276e-05 6.29029e-05 
20.8537 4.73128e-05 3.42119e-06 5.0734e-05 
20.9537 1.82348e-05 3.71739e-05 1.89391e-05 
21.0537 6.713e-07 6.35064e-06 5.67934e-06 
21.1537 5.19839e-05 5.11827e-05 8.0118e-07 
21.2537 2.48552e-05 5.77486e-05 3.28934e-05 
21.3537 4.42221e-05 1.69123e-05 2.73098e-05 
21.4537 1.04568e-05 1.65703e-05 2.70271e-05 
21.5537 2.09473e-05 9.69398e-06 1.12533e-05 
21.6537 4.26877e-05 5.32274e-06 3.7365e-05 
21.7537 3.60133e-06 9.41583e-06 5.81449e-06 
21.8537 1.09866e-05 4.70081e-05 3.60215e-05 
21.9537 9.41409e-06 1.03478e-05 9.33699e-07 
22.0537 3.78617e-05 1.76063e-05 2.02554e-05 
22.1537 7.08665e-05 6.42625e-06 7.72928e-05 
22.2537 4.34788e-05 0.000108327 0.000151806 
22.3537 3.26567e-05 1.14065e-05 2.12503e-05 
22.4537 7.32423e-06 7.73509e-06 4.10859e-07 
22.5537 3.08174e-06 5.64883e-06 2.56709e-06 
22.6537 5.45908e-08 3.36147e-07 3.90738e-07 
22.7537 3.71083e-06 3.86678e-06 1.55951e-07 
22.8537 1.70008e-05 1.01311e-05 6.86978e-06 
22.9537 5.61742e-06 5.76632e-07 6.19405e-06 
23.0537 1.41127e-05 3.66966e-05 2.2584e-05 
23.1537 1.5899e-05 8.6363e-06 2.45353e-05 
23.2537 2.46638e-05 2.32538e-05 1.40998e-06 
23.3537 9.06774e-06 2.83943e-05 1.93266e-05 
23.4537 6.46763e-06 3.89875e-07 6.85751e-06 
23.5537 4.25477e-05 5.19691e-06 4.77446e-05 
23.6537 0.000105902 3.8443e-06 0.000109747 
23.7537 0.000134172 8.15839e-06 0.00014233 
23.8537 0.000209883 2.84916e-05 0.000238374 
23.9537 6.97196e-05 3.21625e-05 3.75571e-05 
24.0537 4.41078e-05 3.51698e-05 8.93802e-06 
24.1537 4.43791e-05 6.95679e-05 0.000113947 
24.2548 2.40382e-05 2.13729e-06 2.1901e-05 
24.3537 4.27402e-06 5.55634e-06 1.28231e-06 
24.4537 7.75478e-05 1.14502e-05 8.8998e-05 
24.5537 4.44181e-05 5.55791e-06 3.88602e-05 
24.6537 1.04071e-05 0.000105937 9.55303e-05 
24.7537 2.55554e-06 2.47336e-05 2.21781e-05 
24.8537 3.44663e-05 8.09641e-08 3.45472e-05 
24.9564 7.21545e-06 1.40371e-05 2.12526e-05 
25.0537 5.89747e-05 7.55923e-06 6.65339e-05 
25.1559 1.65663e-05 2.25653e-05 5.99902e-06 
25.2537 6.24887e-06 5.4969e-06 1.17458e-05 
25.3537 2.74187e-05 7.16871e-05 9.91059e-05 
25.4537 6.30996e-07 2.56104e-06 1.93004e-06 
25.5537 4.09429e-05 1.36045e-05 5.45474e-05 
25.6548 7.30265e-05 1.39286e-06 7.16337e-05 
25.7537 4.37289e-05 5.96839e-07 4.43258e-05 
25.8537 0.000139315 1.25527e-05 0.000126763 
25.9565 2.4558e-05 9.93048e-06 1.46275e-05 
26.0537 1.60893e-06 6.07719e-05 5.9163e-05 
26.1541 0.00160887 0.00227845 0.00388732 
26.2537 0.00712723 0.00091051 0.00621672 
26.3537 0.0121283 0.002973 0.00915526 
26.4537 0.0231832 0.00958611 0.0135971 
26.5537 0.028472 0.0125622 0.0159098 
26.6547 0.0341345 0.0164874 0.0176471 
26.7541 0.0372215 0.021119 0.0161024 
26.8537 0.0446831 0.0248119 0.0198712 
26.9537 0.0446641 0.0255641 0.0191 
27.0537 0.043439 0.030717 0.012722 
27.1537 0.0399027 0.0315397 0.00836304 
27.2538 0.037203 0.0347649 0.00243814 
27.3537 0.0333185 0.0334639 0.000145426 
27.4537 0.0317547 0.0337537 0.00199893 
27.5537 0.0273876 0.0301545 0.00276687 
27.6537 0.0259778 0.0296774 0.00369958 
27.7537 0.0239884 0.0276314 0.003643 
27.8537 0.0221575 0.0258238 0.00366628 
27.9537 0.0220966 0.0252452 0.00314855 
28.0537 0.0213411 0.0235867 0.00224562 
28.1537 0.0213888 0.0232618 0.00187306 
28.2537 0.0224224 0.0239835 0.00156112 
28.3537 0.0231 0.0244682 0.00136819 
28.4537 0.0236061 0.0206044 0.00300169 
28.5537 0.0230934 0.023735 0.000641623 
28.6537 0.0177102 0.0178949 0.000184681 
28.7537 0.022286 0.0221567 0.000129247 
28.8537 0.0153301 0.015762 0.000431822 
28.9537 0.0197429 0.0221512 0.00240832 
29.0537 0.0165297 0.0200383 0.00350856 
29.1537 0.0143703 0.0197316 0.0053613 
29.2537 0.0125919 0.0193626 0.00677076 
29.3537 0.00946777 0.0186261 0.00915835 
29.4538 0.00488234 0.0158828 0.0110005 
29.5537 0.00261975 0.0176558 0.015036 
29.6537 2.09783e-05 0.014071 0.0140919 
29.7537 0.00532132 0.0115119 0.0168332 
29.8556 0.00892451 0.0107971 0.0197216 
29.9537 0.0137796 0.0100165 0.0237961 
30.0537 0.0157175 0.010339 0.0260565 
30.1537 0.0161005 0.0121461 0.0282465 
30.2537 0.0148958 0.0134869 0.0283827 
30.3537 0.0122248 0.0161743 0.0283991 
30.4537 0.0112387 0.0169858 0.0282245 
30.5537 0.0106096 0.0198638 0.0304734 
30.6537 0.0157099 0.0124452 0.0281551 
30.7537 0.0144284 0.0144454 0.0288737 
30.8537 0.0172482 0.0137064 0.0309546 
30.9537 0.0185935 0.013205 0.0317986 
31.0537 0.0194448 0.0129408 0.0323855 
31.1565 0.019591 0.012995 0.032586 
31.2537 0.0197751 0.0135133 0.0332884 
31.3537 0.0199301 0.013572 0.0335021 
31.4537 0.0200769 0.0129062 0.0329832 
31.5537 0.0196003 0.011701 0.0313014 
31.6537 0.0206338 0.00809289 0.0287266 
31.7537 0.0216062 0.0108972 0.0325034 
31.8537 0.0240511 0.00379226 0.0278434 
31.9537 0.0267284 0.00247036 0.0291988 
32.0537 0.0291725 0.00179659 0.0309691 
32.1537 0.0311332 0.0111506 0.0422838 
32.2537 0.0306272 0.00415043 0.0347776 
32.3537 0.0411783 0.00426742 0.0369108 
32.4537 0.0322362 0.00704367 0.0392799 
32.5537 0.0428124 0.00237714 0.0404353 
32.6537 0.0344173 0.00208866 0.0323287 
32.7537 0.0378374 0.0053339 0.0431713 
32.8537 0.0457673 0.00211668 0.0436506 
32.9537 0.0367108 0.00809457 0.0448053 
33.0537 0.0378833 0.00839119 0.0462745 
33.1537 0.0415266 0.00768087 0.0492075 
33.2543 0.0559486 0.00477795 0.0511707 
33.3537 0.0511937 0.00399164 0.0551853 
33.4537 0.0647004 0.00659401 0.0581064 
33.5537 0.0590638 0.00407232 0.0631362 
33.6537 0.0653501 0.00195369 0.0673037 
33.7537 0.0734859 0.000390199 0.0738761 
33.8537 0.0671149 0.00122175 0.0658932 
33.9537 0.0823404 0.00366317 0.0786772 
34.0537 0.0739842 0.00454646 0.0694378 
34.1537 0.0849211 0.00444288 0.0804782 
34.2537 0.0768006 0.00313649 0.0736642 
34.3537 0.088271 0.00149322 0.0867777 
34.4537 0.0838151 0.000308057 0.083507 
34.5537 0.0873872 8.40824e-05 0.0874713 
34.6537 0.0889883 0.000986376 0.0899747 
34.7537 0.0903815 0.00307876 0.0934602 
34.8537 0.0925622 0.00149648 0.0940586 
34.9537 0.0952992 0.0041403 0.0994395 
35.0537 0.0954626 0.00551479 0.100977 
35.1538 0.0950464 0.0070268 0.102073 
35.2537 0.0948965 0.00617784 0.101074 
35.3537 0.0945718 0.00913135 0.103703 
35.4537 0.0941844 0.00940025 0.103585 
35.5537 0.0940654 0.00935966 0.103425 
35.6537 0.0939659 0.00929967 0.103266 
35.7537 0.093686 0.00980596 0.103492 
35.8537 0.0934783 0.00971255 0.103191 
35.9537 0.0941233 0.00813209 0.102255 
36.0537 0.0943789 0.00662998 0.101009 
36.1537 0.0944606 0.00372484 0.0981855 
36.2537 0.0951531 0.00128926 0.0964424 
36.3537 0.0974 0.00287657 0.0945234 
36.4537 0.0979683 0.00478137 0.093187 
36.5537 0.0983339 0.00683721 0.0914966 
36.6537 0.0991085 0.00858814 0.0905204 
36.7537 0.0994849 0.0110882 0.0883967 
36.8537 0.0988197 0.0126722 0.0861475 
36.9537 0.0977057 0.0155367 0.082169 
37.0537 0.0993745 0.0198496 0.0795249 
37.1537 0.0978475 0.0220549 0.0757925 
37.2537 0.0943945 0.0219964 0.0723981 
37.3537 0.0938053 0.0262726 0.0675326 
37.4537 0.0909957 0.0270675 0.0639282 
37.5537 0.0940443 0.0347958 0.0592485 
37.6537 0.0943413 0.038511 0.0558303 
37.7537 0.094519 0.0435831 0.0509359 
37.8537 0.095085 0.0472827 0.0478023 
37.9537 0.0946757 0.0518657 0.04281 
38.0537 0.0939653 0.0552302 0.0387352 
38.1537 0.0944765 0.0620034 0.0324731 
38.2537 0.095556 0.0668093 0.0287467 
38.3537 0.097983 0.0730791 0.0249039 
38.4537 0.103077 0.0830207 0.0200563 
38.5537 0.107118 0.0893432 0.017775 
38.6537 0.1139 0.0991126 0.0147873 
38.7537 0.12124 0.108087 0.0131533 
38.8537 0.126679 0.113075 0.0136041 
38.9537 0.134736 0.119521 0.0152154 
39.0537 0.142053 0.125179 0.0168738 
39.1537 0.141058 0.120289 0.0207684 
39.2537 0.153515 0.130405 0.0231107 
39.3537 0.150452 0.123639 0.0268123 
39.4537 0.160374 0.131981 0.0283925 
39.5537 0.152137 0.123564 0.0285731 
39.6537 0.156611 0.1288 0.0278112 
39.7537 0.152613 0.126361 0.0262521 
39.8537 0.144427 0.122272 0.0221552 
39.9537 0.137251 0.119172 0.0180788 
40.0537 0.125548 0.114128 0.01142 
40.1537 0.117862 0.110897 0.00696496 
40.2537 0.106751 0.106897 0.000145408 
40.3537 0.0998729 0.104543 0.00467017 
40.4537 0.0857735 0.0963456 0.0105721 
40.5537 0.080618 0.0949692 0.0143512 
40.6537 0.0674404 0.0876245 0.0201841 
40.7537 0.0610888 0.0842388 0.02315 
40.8537 0.0521064 0.078966 0.0268596 
40.9537 0.0477665 0.076615 0.0288485 
41.0537 0.038353 0.0695908 0.0312379 
41.1538 0.0355427 0.0679237 0.032381 
41.2538 0.0290011 0.06247 0.0334688 
41.3537 0.0260365 0.0598839 0.0338474 
41.4557 0.0218615 0.057101 0.0352395 
41.5552 0.0193917 0.0530067 0.033615 
41.6537 0.015868 0.0492142 0.0333462 
41.7543 0.0140738 0.047241 0.0331672 
41.8537 0.0114303 0.0450414 0.0336111 
41.9558 0.0100678 0.0416806 0.0316128 
42.0537 0.00797278 0.0384662 0.0304934 
42.1537 0.00675063 0.0364898 0.0297392 
42.2537 0.00516589 0.03471 0.0295441 
42.3557 0.00426365 0.0325567 0.028293 
42.4537 0.00320364 0.0314923 0.0282887 
42.5537 0.00254208 0.030505 0.027963 
42.6537 0.0018047 0.0301113 0.0283066 
42.7537 0.00125924 0.0298775 0.0286182 
42.8537 0.000762988 0.0298128 0.0290498 
42.9537 0.000347706 0.0296537 0.029306 
43.0537 2.69827e-05 0.0294449 0.0294179 
43.1537 0.000251726 0.028712 0.0289637 
43.2537 0.000416403 0.0279587 0.0283751 
43.3537 0.000641338 0.0268317 0.0274731 
43.4537 0.000749045 0.02608 0.026829 
43.5537 0.000795669 0.0250784 0.0258741 
43.6537 0.000933687 0.0243573 0.025291 
43.7537 0.000925207 0.0235402 0.0244654 
43.8537 0.00103123 0.0229008 0.0239321 
43.9537 0.00100449 0.0221541 0.0231586 
44.0538 0.00108077 0.0215764 0.0226572 
44.1537 0.00102431 0.0210315 0.0220558 
44.2565 0.00108012 0.0202917 0.0213718 
44.3537 0.0010047 0.0198351 0.0208398 
44.4537 0.00103321 0.0192117 0.0202449 
44.5538 0.000953042 0.0188247 0.0197778 
44.6537 0.000979386 0.0182578 0.0192372 
44.7537 0.000889067 0.0178771 0.0187662 
44.8537 0.000854371 0.0173415 0.0181959 
44.9537 0.000879415 0.0168152 0.0176946 
45.0537 0.000816758 0.0163272 0.0171439 
45.1537 0.000723269 0.0160132 0.0167364 
45.2537 0.000725771 0.0155118 0.0162375 
45.3537 0.000637839 0.0152018 0.0158396 
45.4537 0.000648381 0.0147297 0.015378 
45.5551 0.000608432 0.0143655 0.0149739 
45.6537 0.000668411 0.0138777 0.0145461 
45.7564 0.000656187 0.0135312 0.0141874 
45.8537 0.000749829 0.0130437 0.0137935 
45.9537 0.000817319 0.0126873 0.0135046 
46.0537 0.000822417 0.0123358 0.0131582 
46.1537 0.000880596 0.0118928 0.0127734 
46.2537 0.000953025 0.0115069 0.01246 
46.3537 0.000989963 0.0111022 0.0120921 
46.4537 0.00104475 0.0107802 0.0118249 
46.5537 0.00105651 0.0104144 0.0114709 
46.6537 0.00116856 0.0100651 0.0112336 
46.7537 0.00145087 0.00945711 0.010908 
46.8537 0.00219463 0.00844694 0.0106416 
46.9539 0.00316549 0.00722687 0.0103924 
47.0537 0.00484079 0.00523672 0.0100775 
47.1537 0.00612901 0.00374328 0.0098723 
47.2537 0.00802909 0.00152686 0.00955595 
47.3537 0.00935952 2.48958e-05 0.00938441 
47.4537 0.0114875 0.00226733 0.00922013 
47.5537 0.0129878 0.00378299 0.00920482 
47.6537 0.0151098 0.00593357 0.00917619 
47.7537 0.0162202 0.0070872 0.00913303 
47.8537 0.0175096 0.00842081 0.00908876 
47.9537 0.0181254 0.00908688 0.00903848 
48.0537 0.0185353 0.0097669 0.00876836 
48.1537 0.0185343 0.00999774 0.00853655 
48.2537 0.0180312 0.0101376 0.00789363 
48.3537 0.0166489 0.0100526 0.00659634 
48.4537 0.0151787 0.00894449 0.00623419 
48.5537 0.0137597 0.00883513 0.00492456 
48.6537 0.0104586 0.00725857 0.00319999 
48.7537 0.00806912 0.00667679 0.00139232 
48.8537 0.00277517 0.00472336 0.00194818 
48.9537 1.44343e-05 0.00426997 0.00425554 
49.0537 0.00642884 0.00187767 0.00830652 
49.1537 0.00946893 0.00168863 0.0111576 
49.2537 0.0168998 0.000452742 0.0164471 
49.3537 0.0195883 5.36278e-05 0.0195347 
49.4537 0.0271989 0.000777245 0.0264217 
49.5537 0.0301277 0.00147371 0.0286539 
49.6537 0.0373717 0.00106719 0.0363045 
49.7537 0.0429818 0.00374139 0.0392404 
49.8537 0.0539814 0.00125821 0.0527232 
49.9537 0.0627073 0.00419116 0.0585162 
50.0537 0.0767713 0.000590041 0.0761812 
50.1537 0.0856716 0.00398037 0.0816912 
50.2537 0.0975526 5.55538e-05 0.097497 
50.3537 0.105174 6.89182e-05 0.105105 
50.4537 0.111925 0.00556431 0.106361 
50.5537 0.120342 0.00375894 0.116584 
50.6537 0.125789 0.00162766 0.124161 
50.7537 0.131824 0.00111511 0.132939 
50.8537 0.13446 0.00182628 0.136286 
50.9537 0.139211 0.00457626 0.143788 
51.0537 0.142119 0.00309257 0.139026 
51.1538 0.145841 0.00237732 0.148219 
51.2537 0.148143 0.00465642 0.143487 
51.3537 0.151387 0.00254401 0.153931 
51.4537 0.153367 0.00279623 0.15057 
51.5537 0.155597 0.0021122 0.153485 
51.6537 0.154278 0.000295565 0.153983 
51.7537 0.156918 0.00461514 0.161534 
51.8537 0.154049 0.00376834 0.150281 
51.9537 0.160317 0.00321058 0.157106 
52.0537 0.150252 0.00247113 0.14778 
52.1537 0.157034 0.00233305 0.154701 
52.2537 0.149926 0.00257777 0.147348 
52.3537 0.159335 0.0027763 0.156558 
52.4537 0.15428 0.00528847 0.148991 
52.5537 0.162286 0.00699035 0.155295 
52.6537 0.153506 0.00883145 0.144674 
52.7537 0.162835 0.00975048 0.153085 
52.8538 0.161067 0.0126569 0.14841 
52.9537 0.156182 0.0120833 0.144098 
53.0537 0.159263 0.00534849 0.153915 
53.1537 0.159393 0.0165269 0.142866 
53.2537 0.159586 0.0174322 0.142154 
53.3571 0.159769 0.0178704 0.141899 
53.4537 0.170045 0.0181167 0.151928 
53.5537 0.160096 0.0171469 0.142949 
53.6537 0.159709 0.0134637 0.146245 
53.7553 0.158505 0.00967135 0.148834 
53.8538 0.156803 0.00606574 0.150737 
53.9537 0.156114 0.015457 0.140657 
54.0555 0.155726 0.00606027 0.149666 
54.1537 0.156953 0.01664 0.140313 
54.2537 0.158855 0.00809171 0.150764 
54.3537 0.160277 0.0168011 0.143476 
54.4537 0.163007 0.00489845 0.158108 
54.5537 0.163609 0.00435433 0.159255 
54.6537 0.163572 0.0135102 0.150062 
54.7537 0.162833 0.0115698 0.151263 
54.8537 0.162168 0.0100316 0.152136 
54.9537 0.161366 0.00840472 0.152961 
55.0537 0.161096 0.00494177 0.156155 
55.1537 0.160614 0.00650648 0.154107 
55.2537 0.160383 0.00653058 0.153852 
55.3537 0.16042 0.0058494 0.15457 
55.4537 0.159983 0.00497561 0.155007 
55.5537 0.158667 0.00453362 0.154133 
55.6537 0.158019 0.00319306 0.154826 
55.7537 0.157552 0.00855244 0.166105 
55.8537 0.15812 0.004636 0.153484 
55.9537 0.159888 0.00570145 0.165589 
56.0537 0.161076 0.00397448 0.157102 
56.1537 0.163508 0.00524277 0.168751 
56.2537 0.164841 0.0042229 0.160618 
56.3537 0.166682 0.0054205 0.172102 
56.4537 0.167802 0.00420076 0.163602 
56.5537 0.169516 0.00558239 0.175098 
56.6538 0.169608 0.00368099 0.165927 
56.7537 0.168256 0.0117372 0.179993 
56.854 0.165637 0.00300782 0.168645 
56.9537 0.162734 0.00371037 0.166444 
57.0537 0.159006 0.00443055 0.163436 
57.1538 0.156171 0.0048702 0.161041 
57.2537 0.150942 0.0066291 0.157571 
57.3537 0.146949 0.00851916 0.155468 
57.4537 0.13992 0.0116299 0.15155 
57.5537 0.13483 0.0140478 0.148878 
57.6537 0.126732 0.0185415 0.145273 
57.7537 0.120996 0.0214655 0.142462 
57.8537 0.111966 0.0249396 0.136906 
57.9537 0.106226 0.0271067 0.133332 
58.0537 0.0983224 0.0292331 0.127555 
58.1537 0.0931987 0.0302969 0.123496 
58.2537 0.0854705 0.0376318 0.123102 
58.3537 0.0798665 0.0321762 0.112043 
58.4537 0.0716434 0.0395821 0.111226 
58.5537 0.0663301 0.0352765 0.101607 
58.6537 0.0588065 0.0416547 0.100461 
58.7537 0.0540311 0.0360549 0.0900861 
58.8537 0.0473081 0.0419276 0.0892357 
58.9537 0.0422282 0.0382334 0.0804616 
59.0537 0.0367834 0.0392341 0.0760175 
59.1537 0.0297627 0.0427183 0.0724811 
59.2537 0.0253377 0.0393204 0.0646581 
59.3537 0.0194101 0.0418186 0.0612287 
59.4537 0.0160954 0.0397447 0.0558401 
59.5537 0.011215 0.0423842 0.0535992 
59.6537 0.00847022 0.0412949 0.0497651 
59.7537 0.0049098 0.0433321 0.0482419 
59.8537 0.00299424 0.0432728 0.046267 
59.9537 0.000361201 0.0450693 0.0454305 
60.0537 0.00124481 0.0452808 0.044036 
60.1537 0.00333714 0.0469155 0.0435784 
60.2537 0.00448548 0.0470694 0.042584 
60.3537 0.00592664 0.0479494 0.0420228 
60.4537 0.00673714 0.0481505 0.0414134 
60.5537 0.00776765 0.0488757 0.0411081 
60.6537 0.0083354 0.0490453 0.0407099 
60.7537 0.00883066 0.0493303 0.0404996 
60.8537 0.00945456 0.0496878 0.0402332 
60.9537 0.00980241 0.0498806 0.0400782 
61.0537 0.0102379 0.0501403 0.0399025 
61.1537 0.0104265 0.0503195 0.039893 
61.2537 0.0102566 0.050501 0.0402444 
61.3573 0.00928889 0.0506064 0.0413175 
61.4537 0.00765089 0.0507329 0.043082 
61.5537 0.00566299 0.0507932 0.0451302 
61.6537 0.000917326 0.0509187 0.0500014 
61.7537 0.0030812 0.0509651 0.0540463 
61.8537 0.00973823 0.0513674 0.0611056 
61.9537 0.0143035 0.0521056 0.0664091 
62.0537 0.0212161 0.0537645 0.0749806 
62.1537 0.025177 0.0557232 0.0809003 
62.2537 0.0302546 0.0594371 0.0896917 
62.3537 0.0331332 0.0631303 0.0962635 
62.4537 0.0326966 0.068854 0.101551 
62.5537 0.0365168 0.0718993 0.108416 
62.6537 0.0344441 0.0778888 0.112333 
62.7537 0.03741 0.0794988 0.116909 
62.8537 0.0343497 0.0846035 0.118953 
62.9537 0.037052 0.0844961 0.121548 
63.0537 0.0333983 0.0886317 0.12203 
63.1565 0.035461 0.086446 0.121907 
63.2537 0.0320277 0.0887839 0.120812 
63.3537 0.0312941 0.084404 0.115698 
63.4537 0.0301 0.0856152 0.115715 
63.5537 0.0305011 0.0802706 0.110772 
63.6537 0.0289218 0.0807143 0.109636 
63.7564 0.0282194 0.0750954 0.103315 
63.8537 0.0274069 0.0743036 0.101711 
63.9537 0.0267153 0.0705274 0.0972426 
64.0537 0.0276614 0.067461 0.0951224 
64.1537 0.0247309 0.0648903 0.0896211 
64.2537 0.0254872 0.0627127 0.0881998 
64.3537 0.0225531 0.0589346 0.0814877 
64.4537 0.0230344 0.0570692 0.0801036 
64.5537 0.0206993 0.0564435 0.0771427 
64.6565 0.0207093 0.0514239 0.0721332 
64.7537 0.018169 0.0500034 0.0681725 
64.8537 0.0172318 0.0489792 0.0662109 
64.9537 0.0162884 0.0461222 0.0624107 
65.0537 0.0156011 0.0442944 0.0598955 
65.1537 0.0158206 0.0405495 0.0563701 
65.2537 0.0138708 0.0397465 0.0536173 
65.3537 0.0126398 0.0384473 0.051087 
65.4537 0.0118812 0.0375587 0.0494399 
65.5537 0.0109244 0.0351655 0.0460899 
65.6537 0.00980858 0.0349066 0.0447152 
65.7537 0.00888232 0.0324449 0.0413272 
65.8537 0.00791742 0.0320845 0.0400019 
65.9537 0.00729435 0.0296422 0.0369366 
66.0537 0.00655355 0.0295063 0.0360599 
66.1537 0.00611586 0.0284804 0.0345963 
66.2537 0.00576739 0.0261327 0.0319001 
66.3537 0.00525357 0.0258629 0.0311165 
66.4537 0.00492645 0.0233444 0.0282708 
66.5537 0.00451712 0.0232816 0.0277987 
66.6537 0.0042959 0.0217508 0.0260467 
66.7537 0.00411251 0.0207529 0.0248654 
66.8537 0.00404238 0.0184883 0.0225307 
66.9537 0.0039624 0.0186576 0.02262 
67.0537 0.0038921 0.0169922 0.0208843 
67.1537 0.00379276 0.0167484 0.0205411 
67.2537 0.0037324 0.0152098 0.0189422 
67.3537 0.00366956 0.0149794 0.018649 
67.4538 0.00364702 0.0135702 0.0172172 
67.5537 0.00358881 0.0134225 0.0170113 
67.6537 0.00352389 0.0121802 0.0157041 
67.7537 0.00306641 0.0121886 0.015255 
67.8537 0.00323737 0.0112589 0.0144963 
67.9537 0.00308964 0.0109109 0.0140006 
68.0537 0.00284878 0.0104099 0.0132587 
68.1537 0.00270896 0.0100767 0.0127857 
68.2537 0.00241765 0.00968263 0.0121003 
68.3537 0.00222558 0.00942712 0.0116527 
68.4537 0.00236605 0.00865701 0.0110231 
68.5537 0.00197844 0.00848498 0.0104634 
68.6537 0.00202929 0.00831083 0.0103401 
68.7537 0.00174934 0.00784056 0.00958991 
68.8537 0.00179367 0.00762228 0.00941594 
68.9537 0.00148681 0.00722293 0.00870975 
69.0537 0.00159211 0.00696923 0.00856134 
69.1537 0.00139215 0.00661348 0.00800563 
69.2537 0.00144079 0.00638561 0.0078264 
69.3537 0.00114926 0.00609816 0.00724742 
69.4537 0.00120519 0.00591181 0.007117 
69.5537 0.00113448 0.00571619 0.00685067 
69.6537 0.000915571 0.00540585 0.00632142 
69.7537 0.000967219 0.00519885 0.00616607 
69.8537 0.000869205 0.00485582 0.00572503 
69.9537 0.000677378 0.00476628 0.00544366 
70.0537 0.000634022 0.00435713 0.00499115 
70.1537 0.000676851 0.0040764 0.00475325 
70.2537 0.000507076 0.00382315 0.00433022 
70.3537 0.000526784 0.00366601 0.0041928 
70.4537 0.000421354 0.00347446 0.00389581 
70.5537 0.000338154 0.00338809 0.00372624 
70.6537 0.000384906 0.00322423 0.00360914 
70.7538 0.000264797 0.0031024 0.0033672 
70.8537 0.000219917 0.00301647 0.00323639 
70.9537 0.000267329 0.00276302 0.00303035 
71.0537 0.000162272 0.00273685 0.00289912 
71.1537 0.000224301 0.00252014 0.00274444 
71.2537 0.000140475 0.00249821 0.00263869 
71.3537 0.000188136 0.0023005 0.00248863 
71.4537 0.000176575 0.00221033 0.0023869 
71.5537 9.60143e-05 0.002092 0.00218801 
71.6537 0.000135957 0.00198976 0.00212571 
71.7564 0.000125151 0.00187426 0.00199941 
71.8537 0.000165236 0.00178409 0.00194933 
71.9537 0.000116051 0.00167101 0.00178706 
72.0537 0.000111552 0.00161489 0.00172644 
72.1537 0.000122403 0.00153494 0.00165735 
72.2537 0.000106277 0.00148205 0.00158832 
72.3537 0.000100163 0.00140597 0.00150614 
72.4537 9.45173e-05 0.00135655 0.00145107 
72.5537 8.60829e-05 0.00129311 0.00137919 
72.6537 8.18533e-05 0.00125222 0.00133407 
72.7537 7.64202e-05 0.00119694 0.00127336 
72.8537 7.42111e-05 0.00116017 0.00123438 
72.9537 7.33531e-05 0.00110766 0.00118101 
73.0537 7.20935e-05 0.00107306 0.00114516 
73.1537 5.58628e-05 0.00100907 0.00106494 
73.2537 5.62154e-05 0.000995495 0.00105171 
73.3537 7.44054e-05 0.000923946 0.000998351 
73.4537 5.16205e-05 0.000906181 0.000957801 
73.5537 5.10666e-05 0.000865221 0.000916287 
73.6537 3.89863e-05 0.000827061 0.000866047 
73.7537 3.45202e-05 0.000797135 0.000831655 
73.8537 2.31943e-05 0.000760623 0.000783817 
73.9537 1.46822e-05 0.000739879 0.000754562 
74.0537 3.74939e-06 0.000711825 0.000715574 
74.1537 2.85075e-06 0.000693805 0.000690954 
74.2537 7.99551e-06 0.000677007 0.000669012 
74.3537 1.47346e-05 0.00064556 0.000630825 
74.4537 3.32885e-05 0.00064568 0.000612391 
74.5537 2.366e-05 0.000624139 0.000600479 
74.6537 2.88436e-05 0.000591427 0.000562584 
74.7537 3.83742e-05 0.000584904 0.00054653 
74.8537 3.04516e-05 0.000547558 0.000517106 
74.9539 4.26153e-05 0.0005437 0.000501084 
75.0537 3.01459e-05 0.000507774 0.000477629 
75.1537 3.20393e-05 0.00050287 0.000470831 
75.2537 3.07472e-05 0.00047206 0.000441313 
75.3537 3.08097e-05 0.000459378 0.000428568 
75.4537 2.48532e-05 0.000436429 0.000411576 
75.5537 2.19141e-05 0.000422023 0.000400109 
75.6537 1.75085e-05 0.000400428 0.000382919 
75.7537 1.46381e-05 0.000386248 0.00037161 
75.8537 1.19755e-05 0.000365737 0.000353762 
75.9537 1.1558e-05 0.000353078 0.00034152 
76.0537 1.18115e-05 0.000347707 0.000335896 
76.1537 1.2744e-05 0.000326625 0.000313881 
76.2537 1.42402e-05 0.000325072 0.000310832 
76.3537 1.62211e-05 0.000314496 0.000298275 
76.4543 1.66635e-05 0.000316521 0.000299858 
76.5538 1.5651e-05 0.000308178 0.000292527 
76.6537 1.58684e-05 0.00030828 0.000292411 
76.7537 1.12012e-05 0.000305016 0.000293815 
76.8537 1.03566e-05 0.000298181 0.000287825 
76.9537 1.16865e-05 0.000297837 0.000286151 
77.0537 7.05531e-06 0.000292367 0.000285312 
77.1537 7.66071e-06 0.000291891 0.000284231 
77.2537 4.03796e-06 0.000287245 0.000283207 
77.3537 3.38518e-06 0.00028528 0.000281895 
77.4537 5.29296e-07 0.000282627 0.000283157 
77.5537 1.6303e-06 0.000282368 0.000283998 
77.6537 3.58392e-06 0.000278504 0.000282088 
77.7537 7.06111e-06 0.000276578 0.000283639 
77.8537 6.51667e-06 0.000275744 0.00028226 
77.9537 9.43057e-06 0.000273076 0.000282507 
78.0537 9.59027e-06 0.000269481 0.000279071 
78.1537 1.40429e-05 0.000267129 0.000281172 
78.2537 1.44458e-05 0.000263936 0.000278382 
78.3537 1.64582e-05 0.000261083 0.000277541 
78.4537 1.73812e-05 0.000259211 0.000276592 
78.5537 1.82272e-05 0.000261608 0.000279836 
78.6537 5.1998e-05 0.000268864 0.000320862 
78.7537 0.000121177 0.000194694 0.000315871 
78.8537 0.000236009 3.4148e-05 0.000270157 
78.9537 0.000317614 0.000132788 0.000184827 
79.0537 0.000465367 0.00051385 4.8483e-05 
79.1537 0.000578525 0.000928042 0.000349517 
79.2537 0.00091821 0.00190325 0.000985044 
79.3537 0.00114284 0.00273731 0.00159447 
79.4537 0.00142924 0.00436707 0.00293783 
79.5537 0.00173972 0.00569658 0.00395685 
79.6537 0.00235303 0.00779625 0.00544322 
79.7537 0.00277905 0.00937938 0.00660033 
79.8537 0.00347598 0.0120641 0.00858813 
79.9537 0.00413365 0.0144645 0.0103308 
80.0537 0.00554525 0.0187412 0.013196 
80.1538 0.00644665 0.0221054 0.0156587 
80.2537 0.00705028 0.0271767 0.0201264 
80.3537 0.0084961 0.0310376 0.0225415 
80.4537 0.01088 0.0368881 0.0260081 
80.5537 0.012374 0.0409622 0.0285882 
80.6537 0.0143419 0.0460063 0.0316644 
80.7537 0.0150564 0.0495941 0.0345376 
80.8537 0.0175391 0.0540465 0.0365075 
80.9537 0.0196402 0.0593625 0.0397223 
81.0537 0.0320531 0.0702312 0.0381781 
81.1537 0.0332024 0.0784637 0.0452612 
81.2537 0.0340239 0.0828748 0.0488509 
81.3537 0.0396461 0.0870194 0.0473734 
81.4537 0.0292321 0.0904099 0.0611779 
81.5537 0.0271882 0.0948183 0.06763 
81.6537 0.0260255 0.097408 0.0713824 
81.7537 0.0252922 0.1008 0.0755079 
81.8537 0.0247306 0.10294 0.078209 
81.9537 0.0336006 0.106475 0.0728748 
82.0537 0.0240557 0.108384 0.084328 
82.1537 0.0294583 0.11612 0.0866614 
82.2537 0.02384 0.10895 0.0851101 
82.3537 0.022543 0.11758 0.0950373 
82.4537 0.0230049 0.117898 0.0948929 
82.5537 0.0246476 0.126222 0.101574 
82.6537 0.0260428 0.120443 0.0943999 
82.7537 0.0280115 0.132548 0.104536 
82.8537 0.0294193 0.127355 0.0979356 
82.9537 0.0307743 0.133032 0.102258 
83.0537 0.0316697 0.126493 0.0948229 
83.1537 0.0322308 0.135683 0.103452 
83.2537 0.0322207 0.125853 0.0936323 
83.3537 0.0323288 0.134827 0.102498 
83.4537 0.0296346 0.134137 0.104502 
83.5537 0.0417531 0.133755 0.0920019 
83.6537 0.0320592 0.134306 0.102247 
83.7537 0.0309633 0.126883 0.0959196 
83.8537 0.0303027 0.127058 0.0967555 
83.9537 0.0287965 0.12708 0.0982839 
84.0537 0.0278772 0.127723 0.0998459 
84.1537 0.027771 0.128913 0.101142 
84.2537 0.0281392 0.129163 0.101024 
84.3537 0.028707 0.129091 0.100384 
84.454 0.0287994 0.128877 0.100077 
84.5549 0.0284193 0.128958 0.100539 
84.6537 0.0272469 0.12908 0.101833 
84.7537 0.026813 0.130049 0.103236 
84.8537 0.0265319 0.130405 0.103873 
84.9537 0.0271053 0.130324 0.103219 
85.0537 0.0244539 0.129796 0.105342 
85.1541 0.0225938 0.133188 0.110594 
85.2537 0.0244138 0.12854 0.104126 
85.3537 0.0173221 0.13121 0.113888 
85.4537 0.0336651 0.136891 0.103226 
85.5537 0.0258967 0.137747 0.11185 
85.6537 0.0254643 0.128911 0.103446 
85.7537 0.0296744 0.13872 0.109045 
85.8537 0.0308751 0.129705 0.0988304 
85.9537 0.0317273 0.138779 0.107051 
86.0537 0.0319384 0.129552 0.0976139 
86.1537 0.0300595 0.139443 0.109384 
86.2538 0.0285281 0.132056 0.103528 
86.3537 0.0392853 0.143057 0.103772 
86.4537 0.031408 0.135062 0.103654 
86.5537 0.0423434 0.145297 0.102953 
86.6537 0.03523 0.135979 0.100749 
86.7537 0.0457064 0.145118 0.0994111 
86.8537 0.0466675 0.135483 0.0888154 
86.9537 0.0471644 0.144099 0.0969343 
87.0537 0.0479087 0.134453 0.0865444 
87.1537 0.0474623 0.14336 0.0958977 
87.2537 0.0482947 0.132868 0.084573 
87.3537 0.0497378 0.143753 0.0940148 
87.4537 0.0551321 0.143213 0.0880807 
87.5537 0.0462473 0.134627 0.0883798 
87.6537 0.048289 0.135688 0.0873991 
87.7537 0.0444407 0.126105 0.0816644 
87.8537 0.05228 0.131123 0.078843 
87.9537 0.053507 0.126562 0.073055 
88.0537 0.052088 0.116407 0.064319 
88.1537 0.0457644 0.105954 0.06019 
88.2537 0.0440304 0.104815 0.0607844 
88.3537 0.0510664 0.0975271 0.0464607 
88.4537 0.0464326 0.0882656 0.041833 
88.5537 0.0389374 0.0817798 0.0428424 
88.6537 0.0451544 0.0845114 0.039357 
88.7541 0.0363097 0.0715023 0.0351926 
88.8537 0.0427301 0.0748365 0.0321064 
88.9543 0.0360917 0.0571152 0.0210235 
89.0537 0.0353052 0.0601138 0.0248086 
89.1537 0.0330056 0.0560013 0.0229956 
89.2537 0.0299212 0.0463721 0.0164509 
89.3537 0.0268105 0.0525433 0.0257328 
89.4537 0.0197059 0.0363201 0.0166142 
89.5537 0.0181425 0.0387876 0.0206451 
89.6537 0.0153105 0.023085 0.00777445 
89.7537 0.0101471 0.0161942 0.00604712 
89.8537 0.00249462 0.00546472 0.0029701 
89.9537 0.00490901 0.00416101 0.000748 
90.0537 0.00378999 0.0108785 0.00708852 
90.1537 0.00253398 0.011971 0.00943706 
90.2537 0.00555461 0.0252483 0.0196936 
90.3537 0.0131763 0.0268824 0.013706 
90.4547 0.0167582 0.03849 0.0217318 
90.5537 0.0199559 0.0391514 0.0191954 
90.6537 0.0222332 0.0479944 0.0257612 
90.7537 0.0250068 0.0515637 0.0265568 
90.8537 0.0289054 0.0545554 0.0256501 
90.9537 0.0289266 0.0577433 0.0288167 
91.0537 0.0336933 0.0629205 0.0292272 
91.1537 0.036166 0.0631489 0.026983 
91.2537 0.0377884 0.0671695 0.0293811 
91.3537 0.040388 0.0672736 0.0268855 
91.4537 0.0411609 0.0685206 0.0273597 
91.5537 0.0421215 0.0707781 0.0286566 
91.6537 0.043532 0.0697907 0.0262588 
91.7537 0.0441997 0.0705511 0.0263514 
91.8537 0.0445775 0.0698758 0.0252983 
91.9537 0.0447304 0.0691878 0.0244574 
92.0537 0.0449605 0.0676551 0.0226946 
92.1537 0.0449989 0.0670606 0.0220618 
92.2537 0.0449888 0.0655774 0.0205885 
92.3537 0.0449373 0.0646575 0.0197202 
92.4537 0.0448797 0.0635005 0.0186209 
92.5537 0.0447867 0.0628187 0.018032 
92.6537 0.0448377 0.0623612 0.0175235 
92.7537 0.0446059 0.0616641 0.0170582 
92.8537 0.0439776 0.0610398 0.0170622 
92.9537 0.0432605 0.060507 0.0172465 
93.0537 0.0422317 0.0596918 0.01746 
93.1537 0.0414628 0.0589407 0.0174779 
93.2541 0.0405082 0.0579014 0.0173931 
93.3537 0.039689 0.0565332 0.0168442 
93.4537 0.0385255 0.0546312 0.0161057 
93.5537 0.0378473 0.0534539 0.0156067 
93.6565 0.0372437 0.0524701 0.0152264 
93.754 0.0365274 0.051364 0.0148366 
93.8537 0.0361323 0.0509732 0.0148409 
93.9541 0.0353564 0.0506602 0.0153038 
94.0537 0.0344973 0.0506885 0.0161912 
94.1537 0.0335534 0.0505138 0.0169604 
94.2543 0.0325308 0.0499899 0.0174591 
94.3537 0.0314895 0.0493901 0.0179006 
94.4537 0.030033 0.0482323 0.0181993 
94.5537 0.0292684 0.0473729 0.0181045 
94.6549 0.0288016 0.046657 0.0178554 
94.7537 0.028115 0.0458924 0.0177774 
94.8537 0.0274613 0.0454773 0.018016 
94.9537 0.0269286 0.0453024 0.0183737 
95.0543 0.0260261 0.0452639 0.0192378 
95.1537 0.0252969 0.0452557 0.0199589 
95.2537 0.0243997 0.0451537 0.0207541 
95.354 0.0237646 0.0448036 0.021039 
95.4537 0.0231816 0.0442798 0.0210982 
95.5537 0.0225152 0.0434464 0.0209312 
95.6537 0.0224749 0.0430607 0.0205858 
95.7537 0.0226257 0.0429248 0.0202991 
95.8537 0.0227137 0.0430817 0.020368 
95.9537 0.0230355 0.0436466 0.0206111 
96.0537 0.022776 0.0442094 0.0214334 
96.1567 0.0223824 0.0450096 0.0226272 
96.2537 0.0219961 0.0453491 0.023353 
96.3537 0.021399 0.0455268 0.0241278 
96.4537 0.0210774 0.0454859 0.0244085 
96.5537 0.020987 0.0454494 0.0244624 
96.6537 0.0212401 0.0457211 0.0244811 
96.7537 0.0219634 0.0464011 0.0244376 
96.8537 0.0225036 0.0470064 0.0245028 
96.9537 0.0231361 0.0481718 0.0250357 
97.0537 0.0234112 0.0490796 0.0256684 
97.1537 0.0236427 0.0504859 0.0268432 
97.2537 0.0239001 0.0515124 0.0276123 
97.3537 0.0243032 0.0527936 0.0284904 
97.4538 0.0251696 0.0539416 0.028772 
97.5537 0.0272365 0.0560559 0.0288194 
97.6537 0.0291097 0.0577259 0.0286161 
97.7537 0.0323648 0.0606139 0.0282491 
97.8537 0.0347129 0.0627731 0.0280602 
97.9537 0.0381844 0.0661426 0.0279581 
98.0537 0.0404686 0.0685332 0.0280646 
98.1537 0.0434473 0.0718042 0.0283569 
98.2537 0.0451827 0.0739292 0.0287465 
98.3537 0.0478397 0.0773145 0.0294748 
98.4537 0.0499013 0.0797784 0.0298772 
98.5537 0.053434 0.0837168 0.0302828 
98.6537 0.0562963 0.0866242 0.030328 
98.7537 0.0610069 0.0913896 0.0303827 
98.8537 0.0647396 0.0952513 0.0305117 
98.9537 0.0704658 0.101359 0.0308933 
99.0537 0.0747029 0.106015 0.031312 
99.1537 0.0817752 0.113729 0.0319542 
99.2537 0.0866085 0.11935 0.0327412 
99.3537 0.0941454 0.128311 0.0341661 
99.4537 0.100106 0.135354 0.0352484 
99.5537 0.110698 0.147558 0.0368605 
99.6537 0.118045 0.15596 0.0379148 
99.7537 0.128811 0.168537 0.0397257 
99.8537 0.137051 0.177973 0.0409214 
99.9537 0.145878 0.188032 0.0421545 
100.054 0.161414 0.205707 0.044293 
100.154 0.167787 0.213343 0.0455551 
100.254 0.181276 0.229126 0.0478499 
100.354 0.192291 0.241749 0.0494581 
100.454 0.210921 0.262836 0.0519152 
100.554 0.224638 0.278187 0.0535483 
100.654 0.246159 0.302229 0.0560706 
100.754 0.26088 0.318695 0.0578147 
100.854 0.284305 0.344623 0.0603182 
100.954 0.300633 0.362585 0.0619528 
101.054 0.325488 0.389951 0.0644625 
101.154 0.341753 0.408076 0.066323 
101.254 0.367202 0.436278 0.0690759 
101.354 0.384934 0.455822 0.0708881 
101.454 0.413688 0.487704 0.0740154 
101.554 0.431301 0.507432 0.0761314 
101.654 0.457676 0.537189 0.0795129 
101.754 0.474983 0.556926 0.0819435 
101.854 0.49267 0.578755 0.0860851 
101.954 0.518017 0.6073 0.0892828 
102.054 0.531898 0.62632 0.0944219 
102.154 0.556812 0.654821 0.0980084 
102.254 0.569318 0.67313 0.103812 
102.354 0.59414 0.702247 0.108107 
102.454 0.602526 0.717982 0.115455 
102.554 0.624669 0.745815 0.121146 
102.654 0.636858 0.766811 0.129952 
102.754 0.658598 0.794869 0.136271 
102.854 0.667411 0.813631 0.14622 
102.954 0.689843 0.84246 0.152617 
103.054 0.698031 0.861704 0.163673 
103.154 0.718683 0.890896 0.172213 
103.254 0.723787 0.910185 0.186398 
103.354 0.74263 0.93924 0.196609 
103.454 0.745306 0.958548 0.213242 
103.554 0.762056 0.987596 0.22554 
103.654 0.760518 1.00665 0.246129 
103.754 0.775394 1.0352 0.259809 
103.854 0.774606 1.05457 0.279968 
103.954 0.791372 1.0839 0.29253 
104.054 0.790641 1.10324 0.3126 
104.154 0.804785 1.13151 0.32672 
104.254 0.801878 1.15079 0.348915 
104.354 0.816167 1.17992 0.363749 
104.454 0.82014 1.19917 0.379031 
104.555 0.815788 1.21822 0.402427 
104.655 0.829317 1.24757 0.418257 
104.754 0.824339 1.26693 0.442596 
104.854 0.837197 1.29576 0.458564 
104.954 0.840107 1.32369 0.483583 
105.054 0.841901 1.34211 0.500208 
105.154 0.834784 1.36076 0.525973 
105.254 0.836945 1.38951 0.552567 
105.354 0.837936 1.40852 0.570579 
105.454 0.847617 1.43599 0.588374 
105.554 0.837546 1.45384 0.61629 
105.654 0.846702 1.48056 0.633861 
105.754 0.836506 1.49838 0.66187 
105.854 0.845561 1.52465 0.679084 
105.954 0.83588 1.54234 0.706462 
106.054 0.845288 1.5686 0.723309 
106.154 0.834861 1.58591 0.751048 
106.254 0.843244 1.61226 0.769015 
106.355 0.841595 1.63858 0.796983 
106.454 0.840044 1.65561 0.815564 
106.554 0.827733 1.67224 0.844507 
106.654 0.834934 1.69697 0.862039 
106.754 0.821474 1.71289 0.89142 
106.854 0.826572 1.73494 0.908369 
106.954 0.810597 1.74899 0.938392 
107.054 0.8178 1.76927 0.951474 
107.154 0.803396 1.78159 0.978197 
107.254 0.805721 1.79916 0.993436 
107.354 0.790876 1.81025 1.01937 
107.454 0.790573 1.82552 1.03494 
107.554 0.774134 1.83511 1.06097 
107.654 0.772136 1.84916 1.07703 
107.754 0.754159 1.85821 1.10405 
107.854 0.75047 1.87076 1.12029 
107.954 0.730966 1.8787 1.14773 
108.054 0.725387 1.88909 1.1637 
108.154 0.704465 1.895 1.19053 
108.254 0.695876 1.90177 1.20589 
108.354 0.67289 1.90497 1.23208 
108.454 0.661793 1.91012 1.24833 
108.554 0.638208 1.90901 1.27081 
108.654 0.62622 1.91147 1.28525 
108.754 0.605882 1.90859 1.30271 
108.854 0.583989 1.90844 1.32445 
108.954 0.564425 1.90283 1.33841 
109.054 0.538393 1.89918 1.36079 
109.154 0.520595 1.88933 1.36873 
109.254 0.493499 1.88032 1.38682 
109.354 0.476983 1.87267 1.39569 
109.454 0.459133 1.85632 1.39719 
109.554 0.432616 1.84602 1.41341 
109.654 0.412194 1.82948 1.41729 
109.754 0.385478 1.81558 1.43011 
109.854 0.363226 1.8026 1.43937 
109.954 0.345248 1.78165 1.43641 
110.054 0.317527 1.76743 1.4499 
110.154 0.29984 1.74356 1.44372 
110.254 0.273513 1.73002 1.45651 
110.354 0.256555 1.705 1.44845 
110.454 0.232372 1.68756 1.45519 
110.554 0.217301 1.66085 1.44355 
110.654 0.195402 1.64253 1.44713 
110.754 0.181406 1.6145 1.43309 
110.854 0.162204 1.59552 1.43332 
110.954 0.150225 1.5667 1.41648 
111.054 0.133346 1.53947 1.40613 
111.154 0.122202 1.52207 1.39987 
111.254 0.106256 1.4924 1.38614 
111.354 0.0964162 1.47183 1.37542 
111.454 0.0829644 1.44247 1.35951 
111.554 0.0744922 1.42354 1.34905 
111.654 0.0631422 1.39521 1.33207 
111.754 0.0567453 1.37594 1.31919 
111.854 0.0492931 1.34821 1.29891 
111.954 0.0458948 1.33057 1.28468 
112.054 0.043582 1.30342 1.25983 
112.154 0.0425703 1.2896 1.24703 
112.256 0.0437154 1.2656 1.22188 
112.354 0.0484727 1.25601 1.20754 
112.454 0.0519767 1.23352 1.18154 
112.554 0.059318 1.22481 1.16549 
112.654 0.0646013 1.20303 1.13843 
112.754 0.0728039 1.19324 1.12044 
112.854 0.0791857 1.17687 1.09769 
112.954 0.0885255 1.15547 1.06695 
113.054 0.0947137 1.14128 1.04657 
113.154 0.104015 1.12065 1.01664 
113.254 0.110021 1.10704 0.997016 
113.354 0.118572 1.08636 0.967786 
113.454 0.124176 1.07221 0.948038 
113.554 0.132269 1.04826 0.915987 
113.654 0.137757 1.03422 0.896465 
113.754 0.145822 1.01385 0.868027 
113.854 0.150937 1.00012 0.849184 
113.954 0.158049 0.979447 0.821398 
114.054 0.16247 0.965509 0.803039 
114.154 0.168657 0.94502 0.776363 
114.254 0.172518 0.930677 0.75816 
114.354 0.17809 0.907921 0.729832 
114.454 0.181403 0.88971 0.708307 
114.554 0.18622 0.868762 0.682542 
114.654 0.189331 0.852846 0.663514 
114.754 0.193728 0.827545 0.633817 
114.854 0.196635 0.81072 0.614085 
114.954 0.200552 0.795206 0.594655 
115.054 0.202301 0.768671 0.56637 
115.154 0.204973 0.752485 0.547513 
115.254 0.204963 0.724543 0.519581 
115.354 0.205703 0.707911 0.502208 
115.454 0.202495 0.680656 0.47816 
115.554 0.200186 0.663753 0.463567 
115.654 0.194327 0.638906 0.444579 
115.754 0.19083 0.610631 0.419801 
115.854 0.183271 0.595558 0.412286 
115.954 0.179526 0.568639 0.389113 
116.054 0.174999 0.551044 0.376045 
116.154 0.166811 0.532761 0.36595 
116.254 0.158513 0.505513 0.346999 
116.354 0.153926 0.480161 0.326235 
116.454 0.145588 0.464065 0.318477 
116.554 0.140706 0.448662 0.307957 
116.654 0.13626 0.425978 0.289718 
116.754 0.128044 0.410848 0.282803 
116.854 0.120387 0.388783 0.268395 
116.954 0.115629 0.367097 0.251467 
117.054 0.11155 0.352633 0.241083 
117.154 0.104722 0.341925 0.237203 
117.254 0.101165 0.325134 0.223968 
117.354 0.0950384 0.314796 0.219758 
117.454 0.0918164 0.300336 0.208519 
117.556 0.086203 0.291335 0.205132 
117.654 0.0831237 0.278991 0.195867 
117.754 0.077232 0.271505 0.194273 
117.854 0.0742387 0.261348 0.18711 
117.954 0.0709466 0.255323 0.184376 
118.054 0.0663179 0.247399 0.181081 
118.154 0.0633907 0.24272 0.179329 
118.255 0.0589332 0.237519 0.178586 
118.354 0.0564615 0.234804 0.178343 
118.454 0.0529484 0.231625 0.178676 
118.554 0.050757 0.230222 0.179465 
118.654 0.0472655 0.228628 0.181363 
118.754 0.045529 0.228012 0.182483 
118.854 0.0426451 0.227278 0.184632 
118.954 0.0407812 0.227623 0.186841 
119.054 0.0379768 0.228185 0.190208 
119.154 0.036178 0.228648 0.19247 
119.254 0.0336618 0.229202 0.19554 
119.354 0.0320508 0.22957 0.197519 
119.454 0.0297093 0.230012 0.200303 
119.554 0.0281783 0.230256 0.202077 
119.654 0.0259312 0.230597 0.204666 
119.754 0.0244696 0.23081 0.206341 
119.854 0.022385 0.231105 0.20872 
119.954 0.0211064 0.231297 0.210191 
120.054 0.0199388 0.231516 0.211577 
120.155 0.0183398 0.231795 0.213455 
120.254 0.0166019 0.231977 0.215375 
120.354 0.0158766 0.232247 0.21637 
120.454 0.0144049 0.232288 0.217883 
120.554 0.0135415 0.231907 0.218365 
120.654 0.0126293 0.230199 0.21757 
120.754 0.011362 0.228072 0.21671 
120.854 0.010167 0.225582 0.215415 
120.954 0.00956933 0.220968 0.211399 
121.054 0.00856469 0.217325 0.20876 
121.154 0.00810435 0.210428 0.202324 
121.254 0.00725604 0.205052 0.197796 
121.354 0.00685778 0.196257 0.189399 
121.454 0.00641296 0.190336 0.183923 
121.554 0.00581603 0.180537 0.174721 
121.654 0.00517562 0.173128 0.167952 
121.754 0.00493526 0.167416 0.162481 
121.854 0.00462988 0.161904 0.157274 
121.954 0.00413675 0.15368 0.149543 
122.054 0.00399761 0.148598 0.144601 
122.154 0.00358296 0.141041 0.137458 
122.255 0.00347081 0.136223 0.132752 
122.355 0.00318943 0.128979 0.12579 
122.454 0.00303561 0.124278 0.121242 
122.554 0.00282674 0.118433 0.115606 
122.654 0.00267336 0.112355 0.109682 
122.754 0.00253692 0.107529 0.104992 
122.854 0.00237353 0.101904 0.0995304 
122.954 0.00224886 0.0980992 0.0958504 
123.054 0.00207447 0.0927279 0.0906535 
123.154 0.00197209 0.0893582 0.0873861 
123.254 0.00184225 0.0845717 0.0827295 
123.354 0.00176356 0.0813791 0.0796156 
123.457 0.00165445 0.076935 0.0752805 
123.555 0.00158756 0.0740998 0.0725122 
123.654 0.00148388 0.0699161 0.0684323 
123.754 0.00141719 0.0672789 0.0658617 
123.86 0.00132639 0.0635368 0.0622104 
123.954 0.0012514 0.0609301 0.0596787 
124.054 0.0011933 0.0579048 0.0567115 
124.154 0.0011407 0.0557531 0.0546124 
124.254 0.0010616 0.0525768 0.0515152 
124.354 0.00101431 0.0506061 0.0495918 
124.454 0.000945387 0.0477652 0.0468198 
124.554 0.000901231 0.0459335 0.0450323 
124.654 0.000837113 0.043345 0.0425079 
124.754 0.000796886 0.0417144 0.0409175 
124.854 0.000761634 0.0401624 0.0394007 
124.954 0.000710829 0.0379131 0.0372023 
125.054 0.000678505 0.0365162 0.0358377 
125.154 0.00063309 0.0345042 0.0338711 
125.254 0.000599639 0.0330201 0.0324204 
125.354 0.000561832 0.0312277 0.0306658 
125.454 0.000535632 0.0299568 0.0294211 
125.554 0.000497456 0.0281672 0.0276698 
125.654 0.000476188 0.0270239 0.0265478 
125.754 0.000446214 0.0253326 0.0248864 
125.854 0.000425101 0.0242078 0.0237827 
125.954 0.000396286 0.0226228 0.0222265 
126.054 0.000380138 0.0216405 0.0212603 
126.154 0.000357339 0.0202888 0.0199314 
126.254 0.0003418 0.0194372 0.0190954 
126.371 0.000318039 0.0182648 0.0179468 
126.454 0.000303269 0.0175376 0.0172343 
126.554 0.000283298 0.0165317 0.0162484 
126.654 0.000271742 0.0158661 0.0155944 
126.754 0.000255832 0.0149132 0.0146574 
126.854 0.000245599 0.0143142 0.0140686 
126.954 0.000230453 0.0134604 0.01323 
127.054 0.000221756 0.0129135 0.0126917 
127.154 0.00020611 0.0121466 0.0119405 
127.254 0.000195907 0.0116585 0.0114626 
127.354 0.000179081 0.0109872 0.0108081 
127.454 0.000167124 0.0105537 0.0103865 
127.556 0.000146358 0.00993577 0.00978941 
127.654 0.000131897 0.00955109 0.00941919 
127.754 0.000108339 0.00899369 0.00888535 
127.854 9.2783e-05 0.00863736 0.00854457 
127.955 6.95809e-05 0.00811603 0.00804645 
128.054 5.62157e-05 0.00777664 0.00772042 
128.154 3.75764e-05 0.00728781 0.00725024 
128.254 2.67661e-05 0.00698084 0.00695407 
128.354 1.40683e-05 0.00655489 0.00654082 
128.454 7.30026e-06 0.00627922 0.00627192 
128.554 6.97891e-07 0.0058909 0.00589159 
128.654 3.99093e-06 0.00564374 0.00564773 
128.754 5.95626e-06 0.00529208 0.00529804 
128.854 7.27502e-06 0.00506706 0.00507433 
128.954 9.15456e-06 0.00474523 0.00475438 
129.054 1.04567e-05 0.00453723 0.00454769 
129.154 1.20614e-05 0.00424818 0.00426025 
129.254 1.3051e-05 0.00406245 0.0040755 
129.354 1.45726e-05 0.0037741 0.00378868 
129.454 1.54131e-05 0.00362794 0.00364335 
129.554 1.78165e-05 0.00337188 0.0033897 
129.654 1.91805e-05 0.00317922 0.0031984 
129.754 1.9234e-05 0.00303891 0.00305814 
129.854 2.52898e-05 0.00290168 0.00292697 
129.954 2.81088e-05 0.00270295 0.00273106 
130.054 3.26283e-05 0.00256157 0.0025942 
130.154 3.5134e-05 0.00239143 0.00242656 
130.254 3.91828e-05 0.00227633 0.00231551 
130.354 4.1945e-05 0.00210612 0.00214806 
130.454 4.65423e-05 0.00200008 0.00204663 
130.554 5.03381e-05 0.00184992 0.00190026 
130.654 5.902e-05 0.00175896 0.00181798 
130.754 6.63456e-05 0.00163189 0.00169823 
130.854 7.3889e-05 0.00155338 0.00162727 
130.956 8.33054e-05 0.00144473 0.00152804 
131.054 8.919e-05 0.00137654 0.00146573 
131.156 9.66513e-05 0.00127187 0.00136852 
131.254 0.000102187 0.00120417 0.00130635 
131.354 0.000108975 0.00110737 0.00121634 
131.454 0.000112397 0.00103924 0.00115164 
131.554 0.000118105 0.000960925 0.00107903 
131.654 0.000121762 0.000908464 0.00103023 
131.754 0.000125376 0.000831776 0.000957152 
131.855 0.000129941 0.00076409 0.000894032 
131.954 0.000133833 0.000721603 0.000855436 
132.054 0.000136393 0.000651755 0.000788148 
132.154 0.000138385 0.000608884 0.000747269 
132.254 0.00014083 0.000545862 0.000686692 
132.354 0.000142227 0.000506066 0.000648293 
132.454 0.000143806 0.000448678 0.000592484 
132.554 0.000144408 0.000413528 0.000557936 
132.654 0.00014514 0.000364098 0.000509237 
132.754 0.000145792 0.000332768 0.00047856 
132.854 0.000147345 0.000287544 0.000434889 
132.954 0.000148612 0.000259989 0.000408601 
133.054 0.000150427 0.000224817 0.000375244 
133.154 0.000151504 0.000205226 0.00035673 
133.254 0.000152919 0.000180672 0.000333592 
133.354 0.000154185 0.000166224 0.000320409 
133.454 0.000156446 0.000147057 0.000303503 
133.554 0.000157841 0.000135042 0.000292884 
133.654 0.000159028 0.000124409 0.000283437 
133.754 0.000160442 0.00011024 0.000270682 
133.854 0.000160886 0.000102143 0.000263029 
133.956 0.000161442 9.02403e-05 0.000251682 
134.054 0.000158993 8.74988e-05 0.000246492 
134.154 0.000159768 7.86925e-05 0.000238461 
134.254 0.000158748 7.53439e-05 0.000234092 
134.354 0.000156898 7.04992e-05 0.000227397 
134.454 0.000155538 6.93508e-05 0.000224889 
134.554 0.000153328 6.70876e-05 0.000220415 
134.654 0.000151828 6.59675e-05 0.000217796 
134.754 0.000148967 6.51482e-05 0.000214115 
134.854 0.000146646 6.48123e-05 0.000211459 
134.954 0.000142473 6.47263e-05 0.0002072 
135.054 0.000138876 6.52774e-05 0.000204153 
135.154 0.000132432 6.67308e-05 0.000199162 
135.254 0.000127515 6.84211e-05 0.000195936 
135.354 0.000120834 7.13005e-05 0.000192134 
135.454 0.000116671 7.26863e-05 0.000189357 
135.554 0.000110762 7.59846e-05 0.000186747 
135.654 0.00010723 7.76588e-05 0.000184889 
135.755 0.000101712 7.999e-05 0.000181702 
135.854 9.7646e-05 8.16109e-05 0.000179257 
135.954 9.42959e-05 8.30134e-05 0.000177309 
136.055 9.03822e-05 8.33316e-05 0.000173714 
136.154 8.81461e-05 8.26699e-05 0.000170816 
136.254 8.59515e-05 7.96386e-05 0.00016559 
136.354 8.5127e-05 7.63467e-05 0.000161474 
136.454 8.37032e-05 7.09685e-05 0.000154672 
136.554 8.2558e-05 6.68163e-05 0.000149374 
136.654 8.31332e-05 5.93198e-05 0.000142453 
136.754 8.36481e-05 5.4567e-05 0.000138215 
136.854 8.48453e-05 4.86303e-05 0.000133476 
136.954 8.56845e-05 4.57365e-05 0.000131421 
137.054 8.67772e-05 4.27091e-05 0.000129486 
137.154 8.64541e-05 4.20686e-05 0.000128523 
137.254 8.72088e-05 4.00818e-05 0.000127291 
137.354 8.76194e-05 3.87444e-05 0.000126364 
137.454 8.78553e-05 3.62063e-05 0.000124062 
137.554 8.80357e-05 3.4424e-05 0.00012246 
137.654 8.80945e-05 3.03308e-05 0.000118425 
137.754 8.77364e-05 2.74944e-05 0.000115231 
137.854 8.68449e-05 2.36768e-05 0.000110522 
137.954 8.6554e-05 2.14919e-05 0.000108046 
138.054 8.62965e-05 1.85608e-05 0.000104857 
138.154 8.59317e-05 1.44022e-05 0.000100334 
138.254 8.51788e-05 1.36088e-05 9.87876e-05 
138.354 8.4546e-05 1.20071e-05 9.65531e-05 
138.454 8.30047e-05 1.03392e-05 9.33438e-05 
138.554 8.1992e-05 9.35404e-06 9.1346e-05 
138.654 8.16188e-05 6.94974e-06 8.85685e-05 
138.754 8.14979e-05 5.29895e-06 8.67968e-05 
138.854 8.0909e-05 3.26623e-06 8.41752e-05 
138.954 8.03712e-05 2.04309e-06 8.24143e-05 
139.054 7.93272e-05 4.7855e-07 7.98057e-05 
139.154 7.8249e-05 2.75425e-07 7.79736e-05 
139.254 7.58256e-05 7.31256e-08 7.57524e-05 
139.718 6.66414e-05 4.7021e-06 7.13435e-05 
140.187 6.08439e-05 9.84683e-06 7.06907e-05 
140.309 5.96477e-05 1.0457e-05 7.01047e-05 
140.387 5.84503e-05 1.11611e-05 6.96113e-05 
140.487 5.71715e-05 1.17068e-05 6.88783e-05 
140.587 5.50285e-05 1.2403e-05 6.74315e-05 
140.687 5.3465e-05 1.26875e-05 6.61525e-05 
140.787 5.08676e-05 1.28626e-05 6.37302e-05 
140.902 4.90667e-05 1.16513e-05 6.0718e-05 
140.987 4.58344e-05 1.26214e-05 5.84558e-05 
141.087 4.36373e-05 1.24416e-05 5.60789e-05 
141.187 4.0322e-05 1.18695e-05 5.21915e-05 
141.287 3.82717e-05 1.12567e-05 4.95284e-05 
141.387 3.54701e-05 9.74426e-06 4.52143e-05 
141.487 3.38232e-05 8.82609e-06 4.26493e-05 
141.587 3.16713e-05 7.31344e-06 3.89847e-05 
141.687 3.03954e-05 6.2444e-06 3.66398e-05 
141.787 2.86459e-05 5.86253e-06 3.45084e-05 
141.906 2.73823e-05 3.46646e-06 3.08488e-05 
141.993 2.65437e-05 2.75612e-06 2.92998e-05 
142.087 2.57333e-05 2.20174e-06 2.7935e-05 
142.187 2.49137e-05 1.02348e-06 2.59371e-05 
142.287 2.36275e-05 1.4386e-06 2.50661e-05 
142.388 2.20289e-05 1.42631e-06 2.34552e-05 
142.487 2.11579e-05 1.54835e-06 2.27063e-05 
142.587 1.95299e-05 2.35114e-06 2.18811e-05 
142.687 1.90085e-05 1.93746e-06 2.09459e-05 
142.796 1.82701e-05 2.10999e-06 2.03801e-05 
142.887 1.80451e-05 2.20399e-06 2.0249e-05 
142.987 1.80299e-05 2.30006e-06 2.03299e-05 
143.087 1.85163e-05 2.32744e-06 2.08437e-05 
143.187 1.90819e-05 2.20209e-06 2.1284e-05 
143.287 2.01188e-05 1.76159e-06 2.18804e-05 
143.957 2.43898e-05 2.34764e-06 2.20422e-05 
144.058 2.44261e-05 2.97121e-06 2.14549e-05 
144.158 2.48373e-05 3.66992e-06 2.11674e-05 
144.257 2.44289e-05 5.16261e-06 1.92663e-05 
144.357 2.43594e-05 6.50658e-06 1.78529e-05 
144.49 2.40359e-05 8.6945e-06 1.53414e-05 
144.557 2.42384e-05 1.04871e-05 1.37513e-05 
144.657 2.44894e-05 1.33896e-05 1.10998e-05 
144.757 2.48627e-05 1.56434e-05 9.21927e-06 
144.905 2.62955e-05 2.01517e-05 6.14378e-06 
144.963 2.68187e-05 2.13243e-05 5.49446e-06 
145.057 2.86562e-05 2.42453e-05 4.41088e-06 
145.16 2.99032e-05 2.70208e-05 2.88241e-06 
145.258 3.12739e-05 2.90277e-05 2.24615e-06 
145.36 3.28991e-05 3.16151e-05 1.28396e-06 
145.457 3.43684e-05 3.30154e-05 1.353e-06 
145.557 3.55238e-05 3.4592e-05 9.31753e-07 
145.657 3.65766e-05 3.5229e-05 1.34758e-06 
145.758 3.76611e-05 3.53399e-05 2.32116e-06 
145.857 3.87723e-05 3.57393e-05 3.03304e-06 
145.957 4.02623e-05 3.58571e-05 4.40518e-06 
146.057 4.07569e-05 3.53247e-05 5.43226e-06 
146.157 4.26713e-05 3.53567e-05 7.31458e-06 
146.257 4.32446e-05 3.55033e-05 7.74127e-06 
146.358 4.496e-05 3.64521e-05 8.5079e-06 
146.457 4.63201e-05 3.75142e-05 8.80599e-06 
146.557 4.86316e-05 3.96361e-05 8.99546e-06 
146.657 5.04933e-05 4.13781e-05 9.11518e-06 
146.757 5.36897e-05 4.42248e-05 9.46486e-06 
146.857 5.60259e-05 4.61607e-05 9.86525e-06 
146.957 5.97198e-05 4.90302e-05 1.06896e-05 
147.057 6.21752e-05 5.08276e-05 1.13475e-05 
147.157 6.56562e-05 5.32324e-05 1.24238e-05 
147.257 6.77248e-05 5.45901e-05 1.31347e-05 
147.357 7.02796e-05 5.62193e-05 1.40603e-05 
147.457 7.16419e-05 5.70799e-05 1.4562e-05 
147.558 7.32135e-05 5.80347e-05 1.51788e-05 
147.657 7.40475e-05 5.84569e-05 1.55906e-05 
147.757 7.50698e-05 5.88428e-05 1.6227e-05 
147.857 7.566e-05 5.9037e-05 1.6623e-05 
147.957 7.65182e-05 5.93039e-05 1.72142e-05 
148.057 7.71012e-05 5.95384e-05 1.75628e-05 
148.157 7.79282e-05 5.99848e-05 1.79434e-05 
148.257 7.89203e-05 6.02679e-05 1.86525e-05 
148.357 7.94731e-05 6.06167e-05 1.88564e-05 
148.457 8.06738e-05 6.07325e-05 1.99413e-05 
148.557 8.11568e-05 6.0651e-05 2.05058e-05 
148.657 8.25665e-05 6.04824e-05 2.20842e-05 
148.757 8.30227e-05 6.02174e-05 2.28053e-05 
148.857 8.38656e-05 5.9854e-05 2.40116e-05 
148.957 8.43765e-05 5.96628e-05 2.47137e-05 
149.057 8.50132e-05 5.95235e-05 2.54897e-05 
149.157 8.52359e-05 5.944e-05 2.5796e-05 
149.309 8.50507e-05 5.90825e-05 2.59682e-05 
149.357 8.49197e-05 5.93314e-05 2.55883e-05 
149.457 8.39831e-05 5.87853e-05 2.51978e-05 
149.557 8.31628e-05 5.88909e-05 2.42719e-05 
149.727 8.04908e-05 5.83893e-05 2.21015e-05 
149.757 8.01296e-05 5.83893e-05 2.17403e-05 
149.857 7.84012e-05 5.81971e-05 2.0204e-05 
149.957 7.65681e-05 5.80566e-05 1.85115e-05 
150.057 7.53635e-05 5.79184e-05 1.74451e-05 
150.157 7.43614e-05 5.78801e-05 1.64813e-05 
150.257 7.35919e-05 5.79023e-05 1.56896e-05 
150.358 7.31015e-05 5.79663e-05 1.51352e-05 
150.457 7.28384e-05 5.79911e-05 1.48473e-05 
150.557 7.30242e-05 5.81978e-05 1.48264e-05 
150.659 7.327e-05 5.83445e-05 1.49255e-05 
150.757 7.3762e-05 5.86835e-05 1.50785e-05 
150.857 7.4089e-05 5.90654e-05 1.50237e-05 
150.957 7.39114e-05 5.97239e-05 1.41875e-05 
151.057 7.31363e-05 6.02758e-05 1.28605e-05 
151.157 7.11125e-05 6.07909e-05 1.03216e-05 
151.258 7.02825e-05 6.1803e-05 8.47958e-06 
151.357 6.97612e-05 6.27204e-05 7.04073e-06 
151.459 7.02808e-05 6.39141e-05 6.36672e-06 
151.557 7.09539e-05 6.52876e-05 5.66627e-06 
151.661 7.15139e-05 6.67037e-05 4.81016e-06 
151.757 7.09996e-05 6.82951e-05 2.70448e-06 
151.857 7.06532e-05 6.96523e-05 1.0009e-06 
151.957 7.07882e-05 7.10966e-05 3.08356e-07 
152.166 7.17915e-05 7.31438e-05 1.35237e-06 
152.266 7.22645e-05 7.36712e-05 1.40673e-06 
152.366 7.26744e-05 7.42593e-05 1.58495e-06 
152.466 7.24423e-05 7.4917e-05 2.47471e-06 
152.566 7.16717e-05 7.54618e-05 3.79007e-06 
152.666 7.02317e-05 7.60385e-05 5.80681e-06 
152.766 6.7884e-05 7.69367e-05 9.05262e-06 
152.866 6.70785e-05 7.74961e-05 1.04176e-05 
152.966 6.63764e-05 7.83068e-05 1.19304e-05 
153.066 6.51947e-05 7.85984e-05 1.34037e-05 
153.166 6.43164e-05 7.85696e-05 1.42532e-05 
153.266 6.37257e-05 7.85641e-05 1.48384e-05 
153.366 6.32669e-05 7.84733e-05 1.52065e-05 
153.466 6.27282e-05 7.83454e-05 1.56171e-05 
153.566 6.25229e-05 7.83078e-05 1.57848e-05 
153.666 6.29878e-05 7.85196e-05 1.55318e-05 
153.766 6.34958e-05 7.87657e-05 1.52699e-05 
153.866 6.47746e-05 7.91079e-05 1.43333e-05 
153.966 6.55114e-05 7.9322e-05 1.38107e-05 
154.121 6.64423e-05 7.98448e-05 1.34025e-05 
154.166 6.66214e-05 8.0017e-05 1.33956e-05 
154.266 6.69469e-05 8.03867e-05 1.34398e-05 
154.366 6.69093e-05 8.0567e-05 1.36578e-05 
154.466 6.65153e-05 8.09266e-05 1.44113e-05 
154.566 6.60221e-05 8.12499e-05 1.52277e-05 
154.666 6.5212e-05 8.17013e-05 1.64894e-05 
154.766 6.5175e-05 8.25116e-05 1.73367e-05 
154.866 6.50296e-05 8.34312e-05 1.84016e-05 
154.966 6.49799e-05 8.4804e-05 1.98241e-05 
155.066 6.52894e-05 8.5925e-05 2.06356e-05 
155.18 6.60717e-05 8.77027e-05 2.1631e-05 
155.291 6.70069e-05 8.91379e-05 2.2131e-05 
155.395 6.80138e-05 9.04277e-05 2.24139e-05 
155.466 6.91277e-05 9.16545e-05 2.25268e-05 
155.59 7.06804e-05 9.37059e-05 2.30255e-05 
155.716 7.21661e-05 9.61932e-05 2.40271e-05 
155.766 7.30112e-05 9.72932e-05 2.4282e-05 
155.867 7.39839e-05 9.87062e-05 2.47223e-05 
155.966 7.57886e-05 0.000100714 2.4925e-05 
156.066 7.7229e-05 0.000102016 2.47865e-05 
156.166 7.90184e-05 0.000103827 2.48086e-05 
156.271 7.97369e-05 0.000104938 2.52014e-05 
156.366 8.0331e-05 0.00010669 2.6359e-05 
156.466 8.04517e-05 0.000107813 2.73612e-05 
156.566 8.0188e-05 0.000109453 2.92646e-05 
156.666 7.98037e-05 0.000110638 3.08343e-05 
156.766 7.91335e-05 0.000112453 3.33193e-05 
156.916 7.83512e-05 0.000114427 3.60761e-05 
156.966 7.74665e-05 0.000115525 3.80582e-05 
157.067 7.68919e-05 0.000117134 4.02423e-05 
157.166 7.53249e-05 0.000118852 4.3527e-05 
157.266 7.46518e-05 0.000120323 4.56711e-05 
157.366 7.3221e-05 0.000121762 4.85412e-05 
157.466 7.26865e-05 0.000122877 5.01904e-05 
157.566 7.19123e-05 0.00012424 5.23276e-05 
157.666 7.19104e-05 0.000125468 5.35577e-05 
157.766 7.16379e-05 0.000126927 5.52892e-05 
157.866 7.21297e-05 0.000128383 5.62537e-05 
157.966 7.21968e-05 0.000129917 5.77202e-05 
158.066 7.30074e-05 0.000131576 5.85688e-05 
158.205 7.43873e-05 0.000133856 5.9469e-05 
158.266 7.52005e-05 0.000135345 6.01442e-05 
158.366 7.62689e-05 0.000137616 6.13473e-05 
158.466 7.75873e-05 0.000140071 6.24837e-05 
158.566 7.82842e-05 0.000142548 6.42639e-05 
158.666 7.93466e-05 0.000144545 6.51981e-05 
158.766 7.96021e-05 0.000145826 6.62239e-05 
158.866 7.93532e-05 0.000146216 6.68629e-05 
158.966 7.89327e-05 0.000145997 6.70639e-05 
159.066 7.80107e-05 0.000144807 6.67968e-05 
159.193 7.7054e-05 0.000143449 6.63949e-05 
159.266 7.65838e-05 0.000142577 6.5993e-05 
159.366 7.66354e-05 0.000141716 6.50808e-05 
159.466 7.63169e-05 0.000140787 6.44703e-05 
159.566 7.62525e-05 0.000140273 6.40206e-05 
159.666 7.56273e-05 0.000139858 6.42311e-05 
159.766 7.49926e-05 0.00013988 6.48876e-05 
159.866 7.45884e-05 0.000139788 6.52e-05 
160.01 7.52166e-05 0.000140247 6.50301e-05 
160.066 7.56232e-05 0.000140467 6.48441e-05 
160.166 7.69552e-05 0.000141106 6.41509e-05 
160.266 7.83244e-05 0.000141932 6.36079e-05 
160.366 7.97644e-05 0.000142687 6.29222e-05 
160.466 8.22671e-05 0.000143866 6.15986e-05 
160.566 8.41157e-05 0.000144681 6.05653e-05 
160.666 8.67913e-05 0.000145853 5.90619e-05 
160.766 8.88828e-05 0.000146949 5.80657e-05 
160.866 9.16181e-05 0.000147887 5.62685e-05 
160.966 9.35603e-05 0.000148485 5.49247e-05 
161.066 9.61876e-05 0.000149173 5.29853e-05 
161.166 9.77702e-05 0.000149528 5.17582e-05 
161.266 9.98773e-05 0.000149837 4.996e-05 
161.366 0.000100982 0.000149868 4.88866e-05 
161.466 0.000102384 0.000149889 4.75053e-05 
161.566 0.000103098 0.00014973 4.66318e-05 
161.666 0.000104425 0.000149738 4.53126e-05 
161.766 0.000105534 0.000150005 4.44713e-05 
161.866 0.000107019 0.000150296 4.32766e-05 
161.966 0.000108581 0.000151018 4.24363e-05 
162.066 0.000110168 0.000151227 4.10583e-05 
162.188 0.000111572 0.000151688 4.01157e-05 
162.266 0.000112009 0.000151884 3.98754e-05 
162.366 0.00011237 0.000152316 3.99459e-05 
162.466 0.000111818 0.000152227 4.04084e-05 
162.592 0.000110459 0.000152065 4.16067e-05 
162.666 0.000109072 0.000151662 4.25903e-05 
162.766 0.000107512 0.000151062 4.35501e-05 
162.893 0.000104147 0.00014936 4.5213e-05 
162.966 0.000103272 0.00014877 4.54983e-05 
163.066 0.000100635 0.000146676 4.60412e-05 
163.166 9.89096e-05 0.000144991 4.6081e-05 
163.267 9.68778e-05 0.000142514 4.56358e-05 
163.366 9.58541e-05 0.000140924 4.50702e-05 
163.467 9.46008e-05 0.000138539 4.39386e-05 
163.566 9.39182e-05 0.000136747 4.28288e-05 
163.666 9.29619e-05 0.000134903 4.19409e-05 
163.766 9.23556e-05 0.000133686 4.13303e-05 
163.866 9.14337e-05 0.000132037 4.06028e-05 
163.967 9.08647e-05 0.000131043 4.01782e-05 
164.066 9.00183e-05 0.000129776 3.97573e-05 
164.166 8.94759e-05 0.000129021 3.95451e-05 
164.266 8.88121e-05 0.000128014 3.92023e-05 
164.366 8.84901e-05 0.000127396 3.89063e-05 
164.466 8.80793e-05 0.000126372 3.82927e-05 
164.566 8.78154e-05 0.000125624 3.78084e-05 
164.666 8.73422e-05 0.000124413 3.70705e-05 
164.766 8.69677e-05 0.000123573 3.66053e-05 
164.866 8.64249e-05 0.000122401 3.59765e-05 
164.995 8.59408e-05 0.000121337 3.53967e-05 
165.066 8.56243e-05 0.000120719 3.50949e-05 
165.166 8.5329e-05 0.000120163 3.48342e-05 
165.266 8.49487e-05 0.000119394 3.44454e-05 
165.366 8.4651e-05 0.000118822 3.41709e-05 
165.468 8.42308e-05 0.000118117 3.38864e-05 
165.566 8.37261e-05 0.000117276 3.35501e-05 
165.666 8.38676e-05 0.000117104 3.32368e-05 
165.766 8.36319e-05 0.000116735 3.31027e-05 
165.868 8.39599e-05 0.000116828 3.28685e-05 
165.969 8.48362e-05 0.000117417 3.25805e-05 
166.066 8.56582e-05 0.00011802 3.23617e-05 
166.169 8.7132e-05 0.000119127 3.19947e-05 
166.266 8.81012e-05 0.000119931 3.18302e-05 
166.369 8.91864e-05 0.000121116 3.19293e-05 
166.466 8.95443e-05 0.000121805 3.22603e-05 
166.566 8.94099e-05 0.000122551 3.31407e-05 
166.666 8.88371e-05 0.000122813 3.39755e-05 
166.767 8.72084e-05 0.000122842 3.56332e-05 
166.866 8.56579e-05 0.000122652 3.69944e-05 
166.966 8.27407e-05 0.000122105 3.93644e-05 
167.067 8.04622e-05 0.000121601 4.11392e-05 
167.167 7.73223e-05 0.000120767 4.34443e-05 
167.266 7.45403e-05 0.000120268 4.57279e-05 
167.366 7.11226e-05 0.000119541 4.84188e-05 
167.467 6.81358e-05 0.000119013 5.08776e-05 
167.613 6.51267e-05 0.000117853 5.27262e-05 
167.666 6.36015e-05 0.000117408 5.38061e-05 
167.766 6.17375e-05 0.000116884 5.51466e-05 
167.866 6.0082e-05 0.000116412 5.63302e-05 
167.966 5.78639e-05 0.000115998 5.8134e-05 
168.066 5.633e-05 0.000115656 5.93265e-05 
168.166 5.43817e-05 0.000115251 6.08697e-05 
168.266 5.30619e-05 0.000114706 6.16445e-05 
168.371 5.20587e-05 0.000114334 6.22756e-05 
168.466 5.1487e-05 0.000113767 6.22804e-05 
168.566 5.16829e-05 0.000113369 6.16865e-05 
168.666 5.1668e-05 0.000112728 6.10604e-05 
168.766 5.22385e-05 0.000112241 6.00026e-05 
168.866 5.22899e-05 0.000111574 5.9284e-05 
168.966 5.26865e-05 0.000111058 5.83719e-05 
169.066 5.24316e-05 0.000110337 5.79052e-05 
169.166 5.21097e-05 0.000109745 5.76352e-05 
169.279 5.12687e-05 0.000109013 5.77439e-05 
169.388 4.99825e-05 0.00010838 5.83977e-05 
169.466 4.86506e-05 0.000108088 5.94371e-05 
169.566 4.58555e-05 0.000107924 6.20682e-05 
169.666 4.38763e-05 0.00010798 6.41038e-05 
169.766 4.05346e-05 0.000108218 6.76836e-05 
169.866 3.86584e-05 0.000108848 7.01899e-05 
169.966 3.54749e-05 0.000109401 7.39265e-05 
170.111 3.25364e-05 0.000110594 7.80574e-05 
170.166 3.19598e-05 0.00011088 7.89199e-05 
170.266 2.93891e-05 0.000111603 8.22143e-05 
170.366 2.77934e-05 0.000112066 8.42722e-05 
170.466 2.5544e-05 0.000112803 8.72595e-05 
170.566 2.40463e-05 0.000113495 8.94487e-05 
170.666 2.27978e-05 0.000114166 9.13679e-05 
170.766 2.09556e-05 0.000115319 9.4363e-05 
170.878 1.99192e-05 0.00011614 9.62207e-05 
170.966 1.92538e-05 0.000116803 9.75496e-05 
171.066 1.90397e-05 0.000117653 9.86133e-05 
171.166 1.88923e-05 0.000117985 9.90929e-05 
171.266 1.88406e-05 0.000118276 9.9435e-05 
171.381 1.87423e-05 0.000118243 9.95003e-05 
171.466 1.86482e-05 0.000118055 9.94064e-05 
171.566 1.86109e-05 0.000117799 9.91882e-05 
171.691 1.87698e-05 0.000117293 9.8523e-05 
171.766 1.90504e-05 0.000116875 9.78243e-05 
171.867 1.9732e-05 0.000116235 9.65032e-05 
171.966 2.03488e-05 0.000115504 9.51554e-05 
172.068 2.15034e-05 0.000114662 9.31587e-05 
172.166 2.23624e-05 0.000113854 9.14913e-05 
172.266 2.35791e-05 0.00011272 8.91404e-05 
172.369 2.42883e-05 0.000111884 8.7596e-05 
172.466 2.52335e-05 0.000110638 8.54048e-05 
172.566 2.58495e-05 0.000109858 8.40086e-05 
172.674 2.7109e-05 0.000108887 8.17779e-05 
172.766 2.7902e-05 0.000108444 8.05417e-05 
172.866 2.89672e-05 0.000108047 7.90796e-05 
172.966 3.0587e-05 0.000107406 7.68186e-05 
173.066 3.14644e-05 0.000106778 7.53135e-05 
173.166 3.24928e-05 0.000105467 7.29746e-05 
173.266 3.26803e-05 0.00010448 7.17993e-05 
173.366 3.27592e-05 0.000102765 7.00058e-05 
173.466 3.25039e-05 0.000101508 6.90042e-05 
173.566 3.17005e-05 9.94855e-05 6.7785e-05 
173.666 3.09155e-05 9.80576e-05 6.71421e-05 
173.768 2.94348e-05 9.58067e-05 6.63718e-05 
173.866 2.83241e-05 9.42588e-05 6.59347e-05 
173.966 2.67357e-05 9.19488e-05 6.52131e-05 
174.066 2.5809e-05 9.04519e-05 6.4643e-05 
174.166 2.47389e-05 8.83093e-05 6.35703e-05 
174.266 2.43287e-05 8.69717e-05 6.26431e-05 
174.366 2.43706e-05 8.52169e-05 6.08462e-05 
174.466 2.47867e-05 8.42399e-05 5.94532e-05 
174.567 2.58762e-05 8.31433e-05 5.72671e-05 
174.666 2.67292e-05 8.2617e-05 5.58878e-05 
174.766 2.78627e-05 8.19127e-05 5.405e-05 
174.866 2.82796e-05 8.13319e-05 5.30523e-05 
174.966 2.8249e-05 8.02743e-05 5.20253e-05 
175.066 2.781e-05 7.94439e-05 5.16339e-05 
175.166 2.66707e-05 7.80935e-05 5.14228e-05 
175.266 2.55931e-05 7.70958e-05 5.15026e-05 
175.366 2.358e-05 7.55035e-05 5.19235e-05 
175.479 2.14391e-05 7.39452e-05 5.25061e-05 
175.574 1.98655e-05 7.27699e-05 5.29044e-05 
175.666 1.83952e-05 7.16803e-05 5.32852e-05 
175.766 1.63409e-05 7.01598e-05 5.38189e-05 
175.866 1.51758e-05 6.929e-05 5.41142e-05 
175.966 1.38553e-05 6.8229e-05 5.43737e-05 
176.066 1.32741e-05 6.76334e-05 5.43594e-05 
176.166 1.27658e-05 6.67878e-05 5.4022e-05 
176.266 1.25789e-05 6.62066e-05 5.36276e-05 
176.366 1.24161e-05 6.52489e-05 5.28328e-05 
176.466 1.23418e-05 6.44977e-05 5.21559e-05 
176.566 1.22054e-05 6.31563e-05 5.09509e-05 
176.666 1.20539e-05 6.21551e-05 5.01012e-05 
176.766 1.15679e-05 6.05112e-05 4.89434e-05 
176.866 1.10116e-05 5.92969e-05 4.82852e-05 
176.966 9.84148e-06 5.73697e-05 4.75282e-05 
177.066 8.91001e-06 5.61504e-05 4.72403e-05 
177.166 7.37457e-06 5.45414e-05 4.71669e-05 
177.266 6.34769e-06 5.36011e-05 4.72534e-05 
177.366 5.43686e-06 5.28127e-05 4.73759e-05 
177.466 4.10338e-06 5.15157e-05 4.74123e-05 
177.566 3.41675e-06 5.0731e-05 4.73143e-05 
177.666 2.07676e-06 4.9194e-05 4.71173e-05 
177.766 1.30157e-06 4.8144e-05 4.68425e-05 
177.866 1.39364e-07 4.66372e-05 4.64978e-05 
177.966 5.19831e-07 4.56346e-05 4.61544e-05 
178.066 1.88766e-06 4.40872e-05 4.59749e-05 
178.166 2.92087e-06 4.30475e-05 4.59684e-05 
178.266 3.86029e-06 4.22296e-05 4.60899e-05 
178.366 4.93732e-06 4.14576e-05 4.63949e-05 
178.466 5.41413e-06 4.12016e-05 4.66157e-05 
178.566 5.84065e-06 4.10637e-05 4.69044e-05 
178.666 5.98393e-06 4.10417e-05 4.70256e-05 
178.766 6.25737e-06 4.09509e-05 4.72082e-05 
178.866 6.6862e-06 4.07365e-05 4.74227e-05 
178.966 7.3938e-06 4.03471e-05 4.77409e-05 
179.066 8.91431e-06 3.95222e-05 4.84365e-05 
179.166 1.01183e-05 3.89172e-05 4.90355e-05 
179.266 1.20362e-05 3.80172e-05 5.00534e-05 
179.366 1.32465e-05 3.74558e-05 5.07023e-05 
179.494 1.50569e-05 3.65585e-05 5.16155e-05 
179.569 1.5341e-05 3.64006e-05 5.17416e-05 
179.666 1.59074e-05 3.60459e-05 5.19533e-05 
179.766 1.6068e-05 3.59194e-05 5.19873e-05 
179.866 1.58876e-05 3.59406e-05 5.18281e-05 
179.966 1.51693e-05 3.63437e-05 5.1513e-05 
180.066 1.41641e-05 3.65309e-05 5.06951e-05 
180.166 1.28479e-05 3.71545e-05 5.00025e-05 
180.266 1.01682e-05 3.87435e-05 4.89117e-05 
180.366 8.00993e-06 4.02536e-05 4.82635e-05 
180.466 4.60175e-06 4.30388e-05 4.76406e-05 
180.566 2.21735e-06 4.53239e-05 4.75413e-05 
180.666 2.91316e-07 4.81149e-05 4.78236e-05 
180.766 1.97628e-06 5.03161e-05 4.83398e-05 
180.866 3.70122e-06 5.29481e-05 4.92469e-05 
180.966 4.58868e-06 5.44511e-05 4.98624e-05 
181.066 5.64704e-06 5.61784e-05 5.05313e-05 
181.166 6.23577e-06 5.69349e-05 5.06991e-05 
181.266 6.97898e-06 5.74427e-05 5.04638e-05 
181.366 7.38253e-06 5.7373e-05 4.99905e-05 
181.466 7.70453e-06 5.6593e-05 4.88885e-05 
181.566 7.77689e-06 5.57914e-05 4.80145e-05 
181.666 7.74988e-06 5.44842e-05 4.67343e-05 
181.766 7.62781e-06 5.36704e-05 4.60426e-05 
181.866 7.2042e-06 5.26016e-05 4.53974e-05 
181.966 6.72785e-06 5.20278e-05 4.53e-05 
182.066 5.69524e-06 5.13201e-05 4.56249e-05 
182.166 4.80071e-06 5.0957e-05 4.61563e-05 
182.266 3.18811e-06 5.06421e-05 4.74539e-05 
182.366 1.99336e-06 5.04946e-05 4.85012e-05 
182.466 1.10796e-07 5.04019e-05 5.02911e-05 
182.566 1.36839e-06 5.03823e-05 5.17507e-05 
182.666 2.7416e-06 5.05153e-05 5.32569e-05 
182.766 5.21092e-06 5.06894e-05 5.59004e-05 
182.866 7.21557e-06 5.02445e-05 5.746e-05 
182.966 9.18714e-06 5.03527e-05 5.95399e-05 
183.066 1.25036e-05 4.84018e-05 6.09055e-05 
183.166 1.49431e-05 4.75198e-05 6.24629e-05 
183.266 1.88003e-05 4.48909e-05 6.36912e-05 
183.366 2.14781e-05 4.35534e-05 6.50314e-05 
183.466 2.5619e-05 4.08829e-05 6.65018e-05 
183.566 2.83979e-05 3.93403e-05 6.77382e-05 
183.666 3.24336e-05 3.70141e-05 6.94477e-05 
183.766 3.49354e-05 3.57197e-05 7.06551e-05 
183.866 3.82132e-05 3.40418e-05 7.2255e-05 
183.966 4.00174e-05 3.30907e-05 7.31081e-05 
184.066 4.20416e-05 3.21942e-05 7.42358e-05 
184.166 4.29378e-05 3.16947e-05 7.46326e-05 
184.266 4.3641e-05 3.17036e-05 7.53446e-05 
184.366 4.37658e-05 3.16253e-05 7.53911e-05 
184.466 4.34457e-05 3.22992e-05 7.57448e-05 
184.566 4.28639e-05 3.26375e-05 7.55014e-05 
184.666 4.16079e-05 3.40331e-05 7.5641e-05 
184.766 4.05691e-05 3.47976e-05 7.53666e-05 
184.866 3.88209e-05 3.63766e-05 7.51975e-05 
184.966 3.74813e-05 3.71609e-05 7.46422e-05 
185.066 3.50888e-05 3.86765e-05 7.37653e-05 
185.168 3.32078e-05 3.95186e-05 7.27264e-05 
185.266 3.10831e-05 4.0438e-05 7.15211e-05 
185.366 2.79288e-05 4.19582e-05 6.9887e-05 
185.466 2.53819e-05 4.30064e-05 6.83882e-05 
185.566 2.23965e-05 4.41326e-05 6.65291e-05 
185.666 2.04059e-05 4.44471e-05 6.4853e-05 
185.766 1.75175e-05 4.49456e-05 6.24631e-05 
185.866 1.58113e-05 4.46405e-05 6.04517e-05 
185.966 1.33559e-05 4.46207e-05 5.79766e-05 
186.066 1.15295e-05 4.40226e-05 5.55521e-05 
186.166 1.01336e-05 4.38417e-05 5.39753e-05 
186.266 8.52261e-06 4.31933e-05 5.17159e-05 
186.366 7.35581e-06 4.30655e-05 5.04213e-05 
186.466 6.34284e-06 4.24306e-05 4.87734e-05 
186.566 5.69789e-06 4.21701e-05 4.7868e-05 
186.666 5.46097e-06 4.12593e-05 4.67203e-05 
186.766 5.55304e-06 4.05442e-05 4.60973e-05 
186.866 5.88978e-06 3.94141e-05 4.53039e-05 
187.05 6.76841e-06 3.75301e-05 4.42985e-05 
187.076 6.67356e-06 3.73678e-05 4.40413e-05 
187.207 7.06337e-06 3.61242e-05 4.31875e-05 
187.268 6.74715e-06 3.57784e-05 4.25256e-05 
187.374 6.79373e-06 3.49983e-05 4.17921e-05 
187.471 6.1153e-06 3.44847e-05 4.06e-05 
187.566 6.02539e-06 3.37492e-05 3.97746e-05 
187.666 5.20876e-06 3.3273e-05 3.84817e-05 
187.766 4.64507e-06 3.28022e-05 3.74472e-05 
187.866 3.94354e-06 3.26003e-05 3.65439e-05 
187.966 3.25885e-06 3.24469e-05 3.57057e-05 
188.066 2.08083e-06 3.24596e-05 3.45404e-05 
188.166 1.12274e-06 3.25187e-05 3.36414e-05 
188.267 8.02107e-07 3.3035e-05 3.22329e-05 
188.366 2.62544e-06 3.3885e-05 3.12596e-05 
188.466 5.19833e-06 3.53022e-05 3.01039e-05 
188.566 8.07702e-06 3.68978e-05 2.88208e-05 
188.666 1.08734e-05 3.89003e-05 2.80269e-05 
188.766 1.46987e-05 4.17063e-05 2.70077e-05 
188.866 1.71528e-05 4.35859e-05 2.64331e-05 
188.966 1.9999e-05 4.55341e-05 2.5535e-05 
189.066 2.24456e-05 4.78476e-05 2.5402e-05 
189.166 2.55225e-05 5.04088e-05 2.48863e-05 
189.266 2.75964e-05 5.23468e-05 2.47505e-05 
189.366 2.97389e-05 5.46549e-05 2.4916e-05 
189.466 3.08852e-05 5.61762e-05 2.5291e-05 
189.566 3.23057e-05 5.88005e-05 2.64948e-05 
189.666 3.30064e-05 6.05716e-05 2.75652e-05 
189.766 3.38106e-05 6.33082e-05 2.94977e-05 
189.866 3.42332e-05 6.50041e-05 3.0771e-05 
189.966 3.46699e-05 6.64333e-05 3.17635e-05 
190.066 3.50051e-05 6.8114e-05 3.31088e-05 
190.166 3.50618e-05 6.88886e-05 3.38268e-05 
190.266 3.49879e-05 6.97448e-05 3.47569e-05 
190.366 3.46006e-05 6.98428e-05 3.52423e-05 
190.466 3.38751e-05 6.96813e-05 3.58063e-05 
190.566 3.30583e-05 6.90409e-05 3.59826e-05 
190.666 3.20729e-05 6.83085e-05 3.62357e-05 
190.766 3.14707e-05 6.77753e-05 3.63046e-05 
190.866 3.08946e-05 6.71475e-05 3.62529e-05 
190.967 3.08043e-05 6.69212e-05 3.61169e-05 
191.066 3.07407e-05 6.65763e-05 3.58356e-05 
191.166 3.11732e-05 6.68367e-05 3.56635e-05 
191.267 3.13105e-05 6.68125e-05 3.5502e-05 
191.366 3.13044e-05 6.69208e-05 3.56164e-05 
191.466 3.12861e-05 6.69071e-05 3.56211e-05 
191.566 3.07755e-05 6.68789e-05 3.61034e-05 
191.666 3.05454e-05 6.71889e-05 3.66435e-05 
191.766 3.01908e-05 6.72322e-05 3.70414e-05 
191.866 2.96363e-05 6.77878e-05 3.81515e-05 
191.966 2.92849e-05 6.80513e-05 3.87664e-05 
192.066 2.88178e-05 6.9005e-05 4.01872e-05 
192.166 2.85689e-05 6.95861e-05 4.10172e-05 
192.266 2.84365e-05 7.09807e-05 4.25441e-05 
192.369 2.84946e-05 7.18834e-05 4.33887e-05 
192.466 2.86854e-05 7.35862e-05 4.49008e-05 
192.566 2.88781e-05 7.47121e-05 4.5834e-05 
192.666 2.90036e-05 7.63619e-05 4.73584e-05 
192.766 2.89343e-05 7.73544e-05 4.84201e-05 
192.866 2.8586e-05 7.85897e-05 5.00036e-05 
192.966 2.85028e-05 7.92031e-05 5.07004e-05 
193.066 2.88739e-05 7.97279e-05 5.0854e-05 
193.166 2.9466e-05 7.98398e-05 5.03738e-05 
193.266 3.06475e-05 7.9695e-05 4.90475e-05 
193.366 3.15527e-05 7.94237e-05 4.78709e-05 
193.467 3.29077e-05 7.8632e-05 4.57243e-05 
193.566 3.3827e-05 7.78228e-05 4.39959e-05 
