1.75368 1.80058 7.07016 7.04517 
1.85436 1.80057 7.07018 7.04518 
1.95369 1.80057 7.07017 7.04518 
2.05368 1.80055 7.07016 7.04516 
2.15369 1.80056 7.07019 7.04519 
2.25371 1.80055 7.0702 7.04518 
2.35368 1.80056 7.07022 7.04519 
2.4537 1.80056 7.0702 7.04517 
2.55384 1.80056 7.07019 7.04518 
2.65369 1.80056 7.0702 7.04517 
2.75369 1.80054 7.0702 7.04517 
2.85367 1.80053 7.0702 7.04515 
2.95368 1.80051 7.07021 7.04516 
3.0537 1.80052 7.07021 7.04515 
3.15374 1.80053 7.0702 7.04514 
3.25369 1.80054 7.0702 7.04517 
3.35378 1.80055 7.0702 7.04518 
3.45369 1.80057 7.0702 7.04519 
3.55367 1.80057 7.07019 7.04518 
3.65369 1.80056 7.07021 7.04521 
3.75369 1.80058 7.07022 7.04523 
3.85368 1.80058 7.07017 7.04522 
3.95367 1.80058 7.07019 7.04524 
4.05369 1.80055 7.07015 7.04522 
4.15369 1.80054 7.07012 7.04518 
4.2537 1.80055 7.07012 7.04519 
4.35367 1.80052 7.07013 7.04519 
4.4537 1.80052 7.07014 7.04518 
4.55368 1.8005 7.07015 7.0452 
4.65368 1.80049 7.07011 7.04518 
4.75369 1.80049 7.0701 7.04519 
4.85368 1.80048 7.0701 7.04519 
4.95367 1.80048 7.07009 7.04516 
5.05369 1.80047 7.0701 7.04517 
5.15369 1.80047 7.0701 7.04518 
5.2537 1.80047 7.07011 7.04519 
5.35368 1.80047 7.0701 7.04517 
5.45369 1.80046 7.07009 7.04516 
5.55368 1.80045 7.07009 7.04515 
5.65368 1.80043 7.07006 7.04517 
5.75368 1.80042 7.07003 7.04515 
5.85369 1.8004 7.07003 7.04517 
5.95367 1.80042 7.07002 7.04518 
6.05367 1.80042 7.07002 7.04519 
6.15367 1.80043 7.07001 7.04518 
6.25368 1.80042 7.07002 7.0452 
6.35369 1.8004 7.07003 7.04522 
6.45368 1.8004 7.07 7.04518 
6.55368 1.80038 7.06996 7.04519 
6.65367 1.80038 7.06996 7.0452 
6.75367 1.80039 7.06998 7.0452 
6.85371 1.80037 7.06997 7.04525 
6.95369 1.80036 7.06994 7.04526 
7.05368 1.80038 7.06993 7.04525 
7.15368 1.80039 7.06993 7.04526 
7.25368 1.80038 7.06993 7.04526 
7.35368 1.80035 7.06992 7.04527 
7.45368 1.80034 7.06986 7.04527 
7.55367 1.80033 7.06988 7.04528 
7.65369 1.80032 7.06989 7.0453 
7.75373 1.80032 7.06983 7.04523 
7.85386 1.80034 7.0698 7.04524 
7.95368 1.80037 7.06979 7.04525 
8.05368 1.80038 7.06979 7.04524 
8.15367 1.80039 7.06977 7.04525 
8.25381 1.80038 7.06978 7.04526 
8.35368 1.8004 7.06975 7.04525 
8.45368 1.80041 7.06976 7.04525 
8.55368 1.80039 7.06972 7.04524 
8.65368 1.80039 7.06969 7.04524 
8.75367 1.80039 7.06969 7.04523 
8.85368 1.80039 7.0697 7.04525 
8.95368 1.80041 7.06967 7.04523 
9.05368 1.80042 7.06968 7.04527 
9.15368 1.80042 7.06966 7.04529 
9.25368 1.80043 7.06965 7.04529 
9.35367 1.80042 7.0696 7.04525 
9.45368 1.8004 7.06964 7.04529 
9.55368 1.80038 7.06965 7.04528 
9.65368 1.80038 7.0697 7.04531 
9.75368 1.80039 7.06969 7.04534 
9.85368 1.80037 7.06968 7.04536 
9.95368 1.80037 7.06965 7.04535 
10.0537 1.80038 7.06966 7.04536 
10.1537 1.80038 7.06965 7.04535 
10.2537 1.80038 7.06964 7.0454 
10.3537 1.80037 7.06966 7.04541 
10.4537 1.80037 7.06968 7.04542 
10.5537 1.80038 7.06966 7.04539 
10.6537 1.80037 7.06964 7.04541 
10.7537 1.80038 7.06965 7.04542 
10.8537 1.80038 7.06966 7.04543 
10.9537 1.80039 7.06965 7.04544 
11.0559 1.80039 7.06966 7.04543 
11.1537 1.8004 7.06965 7.04541 
11.2537 1.80047 7.06963 7.04538 
11.3537 1.80048 7.06962 7.04537 
11.4537 1.80051 7.06959 7.04535 
11.5537 1.8005 7.06959 7.04536 
11.6537 1.80047 7.06957 7.04542 
11.7537 1.80049 7.06956 7.04542 
11.8537 1.80048 7.06955 7.04543 
11.9537 1.80048 7.06954 7.04542 
12.0537 1.80046 7.06954 7.04543 
12.1537 1.80044 7.06954 7.04543 
12.2537 1.80043 7.0695 7.04539 
12.3537 1.80042 7.06949 7.0454 
12.4537 1.80042 7.06949 7.04543 
12.5537 1.80044 7.0695 7.04543 
12.6537 1.80047 7.0695 7.04545 
12.7537 1.80045 7.06949 7.04547 
12.8537 1.80046 7.06948 7.04546 
12.9537 1.80045 7.06949 7.04546 
13.0537 1.80045 7.0695 7.04545 
13.1537 1.80042 7.06951 7.04546 
13.2537 1.80042 7.06947 7.04543 
13.3553 1.80042 7.06944 7.0454 
13.4558 1.80044 7.06946 7.0454 
13.5537 1.80033 7.06943 7.04535 
13.6537 1.80033 7.06944 7.04535 
13.7537 1.80034 7.06943 7.04533 
13.8537 1.80035 7.06942 7.04535 
13.9564 1.80035 7.06945 7.04537 
14.0538 1.80034 7.06945 7.04537 
14.1537 1.80034 7.06944 7.04534 
14.2537 1.80034 7.06944 7.04535 
14.3537 1.80034 7.06947 7.04536 
14.4537 1.80034 7.06945 7.04534 
14.5547 1.80027 7.06946 7.04541 
14.6537 1.80023 7.06948 7.04543 
14.7537 1.80021 7.06946 7.0454 
14.8537 1.80022 7.06942 7.04544 
14.9537 1.80023 7.06942 7.04543 
15.0537 1.8002 7.06939 7.04545 
15.1537 1.8002 7.06939 7.04545 
15.2537 1.80019 7.06939 7.04545 
15.3537 1.8002 7.06939 7.04546 
15.4537 1.80021 7.06929 7.04548 
15.5537 1.8002 7.0693 7.04552 
15.6537 1.8002 7.06926 7.04548 
15.7537 1.80017 7.06928 7.04551 
15.8537 1.80016 7.06928 7.04552 
15.9537 1.80014 7.0693 7.04554 
16.0537 1.80016 7.06929 7.04554 
16.1537 1.8 7.0693 7.04552 
16.2537 1.79999 7.06929 7.04553 
16.3537 1.8 7.0693 7.04555 
16.4537 1.79999 7.06929 7.04556 
16.5537 1.79999 7.06926 7.04553 
16.6538 1.79997 7.06923 7.04549 
16.7537 1.79996 7.06923 7.04554 
16.8549 1.79997 7.06924 7.04557 
16.9537 1.79996 7.06923 7.04556 
17.0537 1.79997 7.06922 7.04555 
17.1537 1.79997 7.06913 7.04544 
17.2537 1.79996 7.06912 7.04542 
17.3537 1.79994 7.06912 7.04541 
17.4537 1.79992 7.06904 7.04536 
17.5537 1.79989 7.06903 7.04535 
17.6537 1.7999 7.06903 7.04534 
17.7537 1.79988 7.06903 7.04534 
17.8537 1.79989 7.06902 7.04535 
17.9538 1.79988 7.06899 7.04535 
18.0543 1.79986 7.06899 7.04536 
18.1542 1.79985 7.06899 7.04534 
18.2537 1.79986 7.06898 7.04535 
18.3537 1.79987 7.06897 7.04534 
18.4537 1.79988 7.06896 7.04533 
18.5537 1.7999 7.06895 7.04533 
18.6537 1.79994 7.06895 7.04533 
18.7537 1.79992 7.06895 7.04533 
18.8537 1.79991 7.06893 7.04532 
18.9537 1.79992 7.06888 7.04533 
19.0537 1.79991 7.06886 7.04534 
19.1541 1.79991 7.06884 7.04534 
19.2562 1.79992 7.06881 7.04531 
19.3537 1.79991 7.0688 7.04532 
19.4537 1.79991 7.06875 7.04526 
19.5537 1.79991 7.06877 7.04529 
19.6537 1.79992 7.06873 7.04528 
19.7537 1.79992 7.06871 7.04527 
19.8537 1.79993 7.06871 7.04527 
19.9537 1.79995 7.0687 7.04527 
20.0537 1.79994 7.06871 7.04527 
20.1537 1.79995 7.06872 7.04527 
20.2537 1.79995 7.0687 7.04527 
20.3537 1.79995 7.06871 7.0453 
20.4537 1.79994 7.06868 7.04527 
20.5537 1.79993 7.06867 7.04526 
20.6537 1.79993 7.06869 7.04527 
20.7537 1.79994 7.06865 7.04526 
20.8537 1.79995 7.06865 7.04524 
20.9537 1.79995 7.06863 7.0452 
21.0537 1.79992 7.06857 7.04523 
21.1537 1.79992 7.06856 7.0452 
21.2537 1.79991 7.06857 7.04519 
21.3537 1.79984 7.06854 7.0452 
21.4537 1.79986 7.06854 7.04524 
21.5537 1.79985 7.06857 7.04529 
21.6537 1.79984 7.06857 7.04529 
21.7537 1.79985 7.06857 7.04532 
21.8537 1.79988 7.06856 7.04531 
21.9537 1.79988 7.06855 7.04531 
22.0537 1.79989 7.06858 7.04532 
22.1537 1.79991 7.06856 7.04532 
22.2537 1.79989 7.06855 7.04534 
22.3537 1.79991 7.06844 7.04525 
22.4537 1.79991 7.06844 7.04527 
22.5537 1.79987 7.06843 7.04527 
22.6537 1.79987 7.0684 7.04524 
22.7537 1.79989 7.06841 7.04524 
22.8537 1.79989 7.06838 7.04523 
22.9537 1.79988 7.0684 7.04527 
23.0537 1.79988 7.06839 7.04527 
23.1537 1.79987 7.06839 7.04529 
23.2537 1.79988 7.06838 7.04528 
23.3537 1.79988 7.06836 7.04526 
23.4537 1.79988 7.06833 7.04526 
23.5537 1.79987 7.06835 7.04528 
23.6537 1.79989 7.06833 7.04527 
23.7537 1.79986 7.06831 7.04525 
23.8537 1.79987 7.06831 7.04527 
23.9537 1.79985 7.0683 7.04529 
24.0537 1.79984 7.06828 7.04528 
24.1537 1.79985 7.06828 7.04528 
24.2548 1.79985 7.06825 7.04526 
24.3537 1.79985 7.06825 7.04526 
24.4537 1.79984 7.06822 7.04525 
24.5537 1.79982 7.06821 7.04522 
24.6537 1.79982 7.06818 7.0452 
24.7537 1.79973 7.06817 7.04519 
24.8537 1.79974 7.06816 7.0452 
24.9564 1.79965 7.06815 7.04516 
25.0537 1.79963 7.06815 7.04516 
25.1559 1.79962 7.06812 7.04515 
25.2537 1.79962 7.06811 7.04516 
25.3537 1.79963 7.06808 7.04515 
25.4537 1.79963 7.06811 7.04518 
25.5537 1.79962 7.0681 7.04518 
25.6548 1.79963 7.06807 7.04517 
25.7537 1.79963 7.06807 7.04516 
25.8537 1.79964 7.06805 7.04516 
25.9565 1.79957 7.06805 7.04517 
26.0537 1.79957 7.06814 7.04524 
26.1541 1.79956 7.06814 7.04525 
26.2537 1.79955 7.06811 7.04522 
26.3537 1.79957 7.06812 7.04525 
26.4537 1.7996 7.06814 7.0453 
26.5537 1.79963 7.06816 7.04533 
26.6547 1.79967 7.06817 7.04536 
26.7541 1.7997 7.06816 7.0454 
26.8537 1.79971 7.06814 7.04543 
26.9537 1.79948 7.06814 7.04522 
27.0537 1.79947 7.06815 7.04534 
27.1537 1.79951 7.06818 7.04536 
27.2538 1.79978 7.06826 7.0457 
27.3537 1.80045 7.06788 7.04591 
27.4537 1.80229 7.06545 7.04385 
27.5537 1.80377 7.06264 7.04022 
27.6537 1.80076 7.05573 7.03161 
27.7537 1.79795 7.05113 7.02563 
27.8537 1.79614 7.04233 7.0142 
27.9537 1.7966 7.036 7.00602 
28.0537 1.80453 7.01904 6.99341 
28.1537 1.81272 7.00327 6.98406 
28.2537 1.82362 6.97621 6.96721 
28.3537 1.82859 6.95687 6.95505 
28.4537 1.834 6.93149 6.93948 
28.5537 1.83652 6.90688 6.9204 
28.6537 1.84016 6.88215 6.90438 
28.7537 1.83985 6.85305 6.88092 
28.8537 1.83936 6.82255 6.86505 
28.9537 1.83708 6.78907 6.83905 
29.0537 1.83959 6.76292 6.82282 
29.1537 1.84444 6.71917 6.79269 
29.2537 1.84774 6.68841 6.76993 
29.3537 1.85198 6.64242 6.73481 
29.4538 1.85398 6.60801 6.71062 
29.5537 1.85472 6.55725 6.67075 
29.6537 1.85626 6.52479 6.64891 
29.7537 1.8588 6.47109 6.60875 
29.8556 1.85982 6.43382 6.58087 
29.9537 1.86027 6.38099 6.53635 
30.0537 1.86073 6.34666 6.50678 
30.1537 1.86187 6.29809 6.46068 
30.2537 1.86411 6.26586 6.43126 
30.3537 1.86823 6.21998 6.38734 
30.4537 1.87061 6.18868 6.35924 
30.5537 1.86886 6.13866 6.31691 
30.6537 1.86574 6.10503 6.29131 
30.7537 1.86162 6.07583 6.26354 
30.8537 1.86283 6.02863 6.21946 
30.9537 1.87032 6.00044 6.19189 
31.0537 1.88335 5.95609 6.14609 
31.1565 1.88787 5.92753 6.1188 
31.2537 1.88563 5.88073 6.07534 
31.3537 1.88116 5.85199 6.04936 
31.4537 1.87542 5.80798 6.0092 
31.5537 1.87378 5.78059 5.98247 
31.6537 1.87377 5.73855 5.94095 
31.7537 1.87384 5.71402 5.91607 
31.8537 1.87248 5.6678 5.87067 
31.9537 1.87112 5.63965 5.84425 
32.0537 1.87314 5.61363 5.81881 
32.1537 1.88126 5.57659 5.78299 
32.2537 1.89438 5.54154 5.74527 
32.3537 1.89889 5.5085 5.71735 
32.4537 1.90028 5.46946 5.67083 
32.5537 1.89302 5.43908 5.64786 
32.6537 1.88471 5.41209 5.61498 
32.7537 1.87434 5.36515 5.5706 
32.8537 1.86581 5.33609 5.54868 
32.9537 1.85863 5.3036 5.50762 
33.0537 1.857 5.27781 5.48065 
33.1537 1.85664 5.23743 5.43994 
33.2543 1.85857 5.20481 5.41415 
33.3537 1.86217 5.17354 5.37549 
33.4537 1.87465 5.14288 5.34889 
33.5537 1.88652 5.11206 5.31059 
33.6537 1.89584 5.07564 5.27228 
33.7537 1.89655 5.04591 5.24538 
33.8537 1.89335 5.01914 5.21033 
33.9537 1.88439 4.97706 5.17638 
34.0537 1.87495 4.95055 5.14186 
34.1537 1.86227 4.91278 5.11031 
34.2537 1.85014 4.88718 5.07655 
34.3537 1.84478 4.84957 5.0433 
34.4537 1.84074 4.82354 5.0123 
34.5537 1.84343 4.78447 4.97333 
34.6537 1.85032 4.75996 4.94745 
34.7537 1.86245 4.72464 4.90632 
34.8537 1.87289 4.70034 4.87908 
34.9537 1.88454 4.66422 4.83948 
35.0537 1.88767 4.63742 4.81153 
35.1538 1.88586 4.60355 4.77996 
35.2537 1.88123 4.55981 4.73577 
35.3537 1.87897 4.53074 4.70637 
35.4537 1.87619 4.5045 4.67932 
35.5537 1.87092 4.46553 4.63836 
35.6537 1.86448 4.43979 4.61151 
35.7537 1.86003 4.40716 4.57828 
35.8537 1.86469 4.38812 4.5602 
35.9537 1.87796 4.3602 4.5348 
36.0537 1.88508 4.34136 4.51704 
36.1537 1.88939 4.31646 4.49203 
36.2537 1.88631 4.29978 4.47503 
36.3537 1.87721 4.27526 4.45054 
36.4537 1.87387 4.25394 4.42773 
36.5537 1.8741 4.2147 4.38959 
36.6537 1.87265 4.18643 4.36168 
36.7537 1.86643 4.14358 4.31803 
36.8537 1.86715 4.11486 4.28799 
36.9537 1.87054 4.0735 4.24702 
37.0537 1.87211 4.04304 4.21882 
37.1537 1.87485 3.99236 4.16828 
37.2537 1.87478 3.95432 4.12905 
37.3537 1.86897 3.90915 4.08545 
37.4537 1.86552 3.88245 4.05645 
37.5537 1.86286 3.85238 4.02786 
37.6537 1.86252 3.82856 4.00419 
37.7537 1.86352 3.78781 3.96186 
37.8537 1.86306 3.75819 3.93025 
37.9537 1.85609 3.71711 3.87915 
38.0537 1.85352 3.69157 3.84783 
38.1537 1.85577 3.65531 3.80661 
38.2537 1.8591 3.63122 3.78181 
38.3537 1.86209 3.60615 3.75954 
38.4537 1.86347 3.56249 3.72525 
38.5537 1.86069 3.53557 3.70286 
38.6537 1.85192 3.49905 3.67048 
38.7537 1.84474 3.45318 3.62987 
38.8537 1.84206 3.41954 3.59982 
38.9537 1.83881 3.36335 3.55233 
39.0537 1.83696 3.32195 3.51825 
39.1537 1.83661 3.27893 3.46499 
39.2537 1.83485 3.22893 3.42859 
39.3537 1.835 3.18074 3.36729 
39.4537 1.83825 3.12584 3.3237 
39.5537 1.84399 3.07284 3.25985 
39.6537 1.85363 3.01907 3.22093 
39.7537 1.86037 2.97401 3.17864 
39.8537 1.87269 2.90934 3.12424 
39.9537 1.88274 2.86627 3.08639 
40.0537 1.90429 2.79841 3.02471 
40.1537 1.92192 2.75236 2.97921 
40.2537 1.95408 2.68072 2.90974 
40.3537 1.97686 2.63294 2.86199 
40.4537 2.00137 2.57699 2.79046 
40.5537 2.03384 2.5243 2.74324 
40.6537 2.06118 2.46991 2.67378 
40.7537 2.08766 2.42851 2.62636 
40.8537 2.12649 2.3683 2.55515 
40.9537 2.15869 2.32012 2.50733 
41.0537 2.18404 2.26179 2.42921 
41.1538 2.21267 2.21367 2.38693 
41.2538 2.23503 2.15888 2.31437 
41.3537 2.25815 2.11754 2.26572 
41.4557 2.2961 2.07506 2.20431 
41.5552 2.32931 2.0326 2.15002 
41.6537 2.37395 1.99404 2.09329 
41.7543 2.41611 1.96882 2.05882 
41.8537 2.45628 1.9467 2.02085 
41.9558 2.5003 1.91752 1.98226 
42.0537 2.54034 1.89273 1.94255 
42.1537 2.58718 1.88322 1.91937 
42.2537 2.63258 1.87369 1.89864 
42.3557 2.68448 1.86334 1.87841 
42.4537 2.73441 1.85713 1.86784 
42.5537 2.78805 1.84812 1.85323 
42.6537 2.83917 1.84106 1.84708 
42.7537 2.89145 1.82927 1.83315 
42.8537 2.93992 1.82108 1.82509 
42.9537 2.9881 1.80942 1.81018 
43.0537 3.03129 1.80291 1.79984 
43.1537 3.07568 1.79386 1.78629 
43.2537 3.11721 1.78876 1.7774 
43.3537 3.15715 1.78148 1.7657 
43.4537 3.18764 1.77677 1.7575 
43.5537 3.22224 1.76674 1.7451 
43.6537 3.258 1.76664 1.7369 
43.7537 3.28809 1.75828 1.72489 
43.8537 3.31911 1.7598 1.71704 
43.9537 3.34668 1.75475 1.70602 
44.0538 3.37016 1.75705 1.69947 
44.1537 3.38982 1.75617 1.6926 
44.2565 3.40905 1.75748 1.68507 
44.3537 3.42178 1.75919 1.68034 
44.4537 3.4348 1.76372 1.67632 
44.5538 3.44137 1.76744 1.67444 
44.6537 3.44828 1.77457 1.67516 
44.7537 3.44901 1.78008 1.67664 
44.8537 3.44881 1.78764 1.68191 
44.9537 3.44737 1.79924 1.68828 
45.0537 3.43946 1.80973 1.69636 
45.1537 3.4289 1.8179 1.70318 
45.2537 3.41801 1.8333 1.71689 
45.3537 3.40147 1.84447 1.72755 
45.4537 3.38516 1.86312 1.74552 
45.5551 3.3624 1.87834 1.76079 
45.6537 3.34054 1.90066 1.7829 
45.7564 3.31282 1.91828 1.80127 
45.8537 3.28551 1.94446 1.82724 
45.9537 3.25799 1.96422 1.84601 
46.0537 3.21545 1.98419 1.8673 
46.1537 3.19019 2.01333 1.89876 
46.2537 3.14907 2.03912 1.92254 
46.3537 3.12184 2.07287 1.95727 
46.4537 3.07952 2.10322 1.98344 
46.5537 3.05259 2.14235 2.02505 
46.6537 3.01578 2.17334 2.05562 
46.7537 2.99283 2.21476 2.10099 
46.8537 2.95834 2.25504 2.14383 
46.9539 2.93477 2.29385 2.18638 
47.0537 2.89864 2.34542 2.24196 
47.1537 2.87466 2.38037 2.27987 
47.2537 2.83878 2.4316 2.33849 
47.3537 2.81462 2.46406 2.37977 
47.4537 2.77828 2.51097 2.44513 
47.5537 2.75376 2.54097 2.49015 
47.6537 2.71709 2.58449 2.56 
47.7537 2.69229 2.61211 2.60861 
47.8537 2.65797 2.65614 2.68445 
47.9537 2.63789 2.68816 2.73673 
48.0537 2.61048 2.73935 2.81698 
48.1537 2.59303 2.77447 2.87129 
48.2537 2.56562 2.83058 2.9533 
48.3537 2.5452 2.86959 3.01421 
48.4537 2.52697 2.91623 3.08817 
48.5537 2.50462 2.9647 3.14669 
48.6537 2.48704 3.01364 3.22655 
48.7537 2.46883 3.06728 3.28112 
48.8537 2.45331 3.1196 3.36247 
48.9537 2.43686 3.17675 3.41699 
49.0537 2.42286 3.2312 3.49951 
49.1537 2.40661 3.29063 3.55488 
49.2537 2.39357 3.34746 3.63845 
49.3537 2.37905 3.41005 3.6945 
49.4537 2.36803 3.45979 3.76384 
49.5537 2.3546 3.53578 3.83516 
49.6537 2.34271 3.59978 3.91189 
49.7537 2.33466 3.65659 3.9789 
49.8537 2.32127 3.72247 4.04672 
49.9537 2.31258 3.78655 4.11598 
50.0537 2.30008 3.8529 4.18256 
50.1537 2.29224 3.91773 4.24952 
50.2537 2.28123 3.98431 4.31032 
50.3537 2.27418 4.03687 4.36014 
50.4537 2.26742 4.10479 4.42451 
50.5537 2.25742 4.17888 4.4896 
50.6537 2.25015 4.23317 4.53744 
50.7537 2.24007 4.31092 4.60227 
50.8537 2.23523 4.35134 4.635 
50.9537 2.22722 4.41957 4.69138 
51.0537 2.22173 4.47648 4.74032 
51.1538 2.21385 4.53112 4.78635 
51.2537 2.20849 4.57811 4.8278 
51.3537 2.20165 4.62453 4.87231 
51.4537 2.19758 4.66414 4.90929 
51.5537 2.19117 4.71232 4.95154 
51.6537 2.18574 4.74797 4.97982 
51.7537 2.18012 4.78576 5.01446 
51.8537 2.17485 4.82595 5.0445 
51.9537 2.16966 4.85876 5.07783 
52.0537 2.16214 4.90019 5.10648 
52.1537 2.15811 4.93098 5.13992 
52.2537 2.1524 4.9707 5.1696 
52.3537 2.14798 5.00376 5.20408 
52.4537 2.14155 5.04969 5.24138 
52.5537 2.1372 5.08208 5.27682 
52.6537 2.1294 5.12554 5.3079 
52.7537 2.12543 5.15544 5.3446 
52.8538 2.11951 5.19733 5.38319 
52.9537 2.1143 5.23009 5.40933 
53.0537 2.10776 5.26686 5.44476 
53.1537 2.10327 5.30627 5.48145 
53.2537 2.09632 5.35243 5.52594 
53.3571 2.09157 5.38276 5.55356 
53.4537 2.08755 5.41264 5.59219 
53.5537 2.07984 5.45971 5.63006 
53.6537 2.07475 5.49281 5.66062 
53.7553 2.06769 5.54166 5.70788 
53.8538 2.06275 5.57488 5.7397 
53.9537 2.05834 5.61606 5.77878 
54.0555 2.05128 5.65521 5.81734 
54.1537 2.04683 5.69601 5.85622 
54.2537 2.04004 5.73642 5.89456 
54.3537 2.03597 5.77635 5.93227 
54.4537 2.02938 5.81739 5.97327 
54.5537 2.02491 5.84851 6.00109 
54.6537 2.02068 5.88869 6.04013 
54.7537 2.01386 5.93954 6.09084 
54.8537 2.00937 5.97159 6.12175 
54.9537 2.00315 6.01946 6.16688 
55.0537 1.99868 6.05304 6.20108 
55.1537 1.9928 6.09704 6.24353 
55.2537 1.98851 6.12633 6.27252 
55.3537 1.98156 6.17837 6.32462 
55.4537 1.97722 6.2099 6.3578 
55.5537 1.9705 6.25678 6.4035 
55.6537 1.96607 6.2897 6.43465 
55.7537 1.96003 6.32964 6.47505 
55.8537 1.95551 6.37322 6.51648 
55.9537 1.94857 6.41132 6.55492 
56.0537 1.94443 6.45272 6.59769 
56.1537 1.93783 6.49246 6.639 
56.2537 1.93376 6.53244 6.67783 
56.3537 1.92652 6.57652 6.71846 
56.4537 1.92233 6.61778 6.75791 
56.5537 1.9154 6.6577 6.79733 
56.6538 1.91263 6.69757 6.83832 
56.7537 1.91564 6.7433 6.88308 
56.854 1.91781 6.78567 6.92064 
56.9537 1.91675 6.81856 6.94898 
57.0537 1.9089 6.86656 6.99235 
57.1538 1.90499 6.89877 7.02049 
57.2537 1.90342 6.94788 7.06023 
57.3537 1.90469 6.97957 7.08698 
57.4537 1.90973 7.02198 7.12452 
57.5537 1.91276 7.04708 7.14616 
57.6537 1.91334 7.08448 7.17863 
57.7537 1.91148 7.10882 7.19924 
57.8537 1.90929 7.14508 7.23015 
57.9537 1.90882 7.16782 7.24743 
58.0537 1.9106 7.20031 7.27305 
58.1537 1.91282 7.22065 7.28898 
58.2537 1.91514 7.24399 7.3067 
58.3537 1.91499 7.26468 7.32381 
58.4537 1.91328 7.28364 7.33813 
58.5537 1.91191 7.30258 7.35248 
58.6537 1.91103 7.31948 7.36326 
58.7537 1.9114 7.33734 7.37693 
58.8537 1.91268 7.35125 7.38444 
58.9537 1.91312 7.36424 7.39318 
59.0537 1.91261 7.37275 7.39773 
59.1537 1.91091 7.38167 7.40105 
59.2537 1.90967 7.38996 7.40533 
59.3537 1.90879 7.39643 7.40703 
59.4537 1.90892 7.40161 7.40958 
59.5537 1.90957 7.40539 7.41099 
59.6537 1.90999 7.40687 7.41205 
59.7537 1.91002 7.40656 7.4124 
59.8537 1.90965 7.40493 7.4114 
59.9537 1.90932 7.40379 7.41059 
60.0537 1.90926 7.40368 7.41034 
60.1537 1.90923 7.40382 7.4104 
60.2537 1.90926 7.40432 7.4111 
60.3537 1.90942 7.40448 7.4118 
60.4537 1.90951 7.40437 7.41187 
60.5537 1.90956 7.40409 7.41147 
60.6537 1.90955 7.40381 7.411 
60.7537 1.90953 7.40376 7.41075 
60.8537 1.9095 7.40391 7.41078 
60.9537 1.90952 7.40411 7.41107 
61.0537 1.90958 7.40431 7.41153 
61.1537 1.90947 7.40429 7.41147 
61.2537 1.9086 7.40413 7.41051 
61.3573 1.90686 7.40405 7.40879 
61.4537 1.90465 7.40407 7.40674 
61.5537 1.90259 7.40422 7.40504 
61.6537 1.8989 7.40445 7.40216 
61.7537 1.89668 7.40463 7.40044 
61.8537 1.89434 7.40449 7.39745 
61.9537 1.89367 7.40408 7.39509 
62.0537 1.89345 7.40336 7.3919 
62.1537 1.89441 7.40271 7.39026 
62.2537 1.89624 7.40166 7.38849 
62.3537 1.8974 7.40076 7.38733 
62.4537 1.89868 7.39904 7.38607 
62.5537 1.898 7.3972 7.38361 
62.6537 1.89813 7.3951 7.38182 
62.7537 1.89793 7.39309 7.37933 
62.8537 1.89472 7.39027 7.37813 
62.9537 1.89151 7.38768 7.37645 
63.0537 1.89207 7.38565 7.3755 
63.1565 1.89532 7.38379 7.37369 
63.2537 1.89879 7.38246 7.37229 
63.3537 1.90049 7.38083 7.3704 
63.4537 1.90104 7.37943 7.3691 
63.5537 1.89962 7.37782 7.368 
63.6537 1.89774 7.37647 7.36732 
63.7564 1.89809 7.37542 7.36657 
63.8537 1.89945 7.37436 7.36589 
63.9537 1.89603 7.3728 7.36499 
64.0537 1.89612 7.37154 7.36447 
64.1537 1.89664 7.3705 7.36406 
64.2537 1.89914 7.36988 7.3638 
64.3537 1.90004 7.36903 7.36331 
64.4537 1.90196 7.36861 7.36311 
64.5537 1.90153 7.36791 7.36283 
64.6565 1.9008 7.36701 7.3625 
64.7537 1.89899 7.36618 7.36242 
64.8537 1.89858 7.36569 7.36251 
64.9537 1.8959 7.36463 7.36271 
65.0537 1.89531 7.36402 7.36286 
65.1537 1.89742 7.36364 7.36303 
65.2537 1.89793 7.36325 7.36306 
65.3537 1.89828 7.36271 7.36317 
65.4537 1.89864 7.36238 7.36332 
65.5537 1.89778 7.36185 7.36349 
65.6537 1.89676 7.36121 7.36378 
65.7537 1.89627 7.36065 7.36397 
65.8537 1.89659 7.36012 7.36425 
65.9537 1.89679 7.35966 7.36439 
66.0537 1.89709 7.35918 7.36474 
66.1537 1.89731 7.35886 7.36499 
66.2537 1.8972 7.35851 7.36524 
66.3537 1.89698 7.35807 7.36565 
66.4537 1.89718 7.35781 7.3659 
66.5537 1.89794 7.35755 7.36623 
66.6537 1.89831 7.35742 7.36642 
66.7537 1.89876 7.35726 7.36671 
66.8537 1.8988 7.35714 7.36684 
66.9537 1.89864 7.35692 7.36707 
67.0537 1.89847 7.35675 7.36718 
67.1537 1.898 7.35656 7.36722 
67.2537 1.89761 7.35646 7.36722 
67.3537 1.89782 7.35636 7.36733 
67.4538 1.89824 7.35629 7.36745 
67.5537 1.89884 7.35617 7.36762 
67.6537 1.89892 7.35605 7.36768 
67.7537 1.89893 7.35592 7.36776 
67.8537 1.89884 7.35585 7.36776 
67.9537 1.89868 7.35581 7.36773 
68.0537 1.89877 7.35574 7.36774 
68.1537 1.89895 7.35569 7.36778 
68.2537 1.89821 7.35563 7.36771 
68.3537 1.89792 7.35563 7.36767 
68.4537 1.89817 7.35565 7.3677 
68.5537 1.89847 7.35568 7.36773 
68.6537 1.89871 7.35571 7.36776 
68.7537 1.89888 7.35571 7.36778 
68.8537 1.8989 7.35569 7.36777 
68.9537 1.89859 7.35566 7.3677 
69.0537 1.89845 7.35566 7.36765 
69.1537 1.89857 7.35567 7.36763 
69.2537 1.89877 7.35567 7.36764 
69.3537 1.8989 7.35567 7.36767 
69.4537 1.89911 7.35567 7.36771 
69.5537 1.89907 7.35566 7.36772 
69.6537 1.89896 7.35566 7.36772 
69.7537 1.89892 7.35567 7.36772 
69.8537 1.899 7.35571 7.36775 
69.9537 1.89909 7.35575 7.36779 
70.0537 1.8992 7.35579 7.36785 
70.1537 1.89931 7.35579 7.3679 
70.2537 1.89924 7.35577 7.36793 
70.3537 1.89921 7.35576 7.36795 
70.4537 1.8992 7.35577 7.36797 
70.5537 1.89923 7.35578 7.36798 
70.6537 1.89932 7.35579 7.36801 
70.7538 1.89934 7.35577 7.36804 
70.8537 1.89936 7.35574 7.36806 
70.9537 1.89938 7.35572 7.3681 
71.0537 1.89933 7.3557 7.36813 
71.1537 1.89934 7.3557 7.36817 
71.2537 1.89934 7.35567 7.3682 
71.3537 1.89941 7.35565 7.36822 
71.4537 1.89944 7.35565 7.36824 
71.5537 1.89944 7.35565 7.36826 
71.6537 1.89948 7.35565 7.36826 
71.7564 1.89949 7.35562 7.36823 
71.8537 1.89953 7.35561 7.3682 
71.9537 1.89953 7.35558 7.36816 
72.0537 1.89955 7.35556 7.36816 
72.1537 1.8996 7.35554 7.36814 
72.2537 1.8996 7.35553 7.36813 
72.3537 1.8996 7.35551 7.36811 
72.4537 1.89959 7.3555 7.36809 
72.5537 1.89956 7.35549 7.36807 
72.6537 1.89956 7.35547 7.36805 
72.7537 1.89957 7.35544 7.36801 
72.8537 1.89958 7.35543 7.36799 
72.9537 1.89959 7.35541 7.36795 
73.0537 1.89959 7.3554 7.36794 
73.1537 1.89959 7.35538 7.36794 
73.2537 1.89957 7.35536 7.36794 
73.3537 1.89958 7.35533 7.36795 
73.4537 1.89959 7.35533 7.36795 
73.5537 1.89959 7.35533 7.36797 
73.6537 1.89958 7.35535 7.368 
73.7537 1.89958 7.35534 7.36802 
73.8537 1.89958 7.35532 7.36805 
73.9537 1.89959 7.35531 7.36805 
74.0537 1.89963 7.3553 7.36804 
74.1537 1.89965 7.35531 7.36804 
74.2537 1.89966 7.35532 7.36804 
74.3537 1.89966 7.35532 7.36805 
74.4537 1.89966 7.35531 7.36806 
74.5537 1.89967 7.35531 7.36808 
74.6537 1.89967 7.35531 7.36809 
74.7537 1.89968 7.35532 7.36807 
74.8537 1.89968 7.35534 7.36804 
74.9539 1.89965 7.35534 7.36804 
75.0537 1.89964 7.35536 7.36806 
75.1537 1.89964 7.35537 7.3681 
75.2537 1.89967 7.35539 7.36814 
75.3537 1.89973 7.3554 7.36817 
75.4537 1.89979 7.35541 7.36821 
75.5537 1.89983 7.35542 7.36823 
75.6537 1.89987 7.35543 7.36824 
75.7537 1.89989 7.35544 7.36825 
75.8537 1.89991 7.35544 7.36826 
75.9537 1.89993 7.35544 7.36827 
76.0537 1.89993 7.35545 7.36829 
76.1537 1.89994 7.35549 7.36833 
76.2537 1.89996 7.35554 7.36837 
76.3537 1.89998 7.35563 7.36845 
76.4543 1.90002 7.35573 7.36854 
76.5538 1.90005 7.35585 7.36866 
76.6537 1.90009 7.35595 7.36875 
76.7537 1.90013 7.35603 7.36884 
76.8537 1.90017 7.35613 7.36893 
76.9537 1.90021 7.35621 7.369 
77.0537 1.90008 7.35628 7.36908 
77.1537 1.9 7.35638 7.36912 
77.2537 1.89986 7.35645 7.36915 
77.3537 1.90002 7.35655 7.36914 
77.4537 1.89999 7.35659 7.36911 
77.5537 1.90018 7.35663 7.36907 
77.6537 1.90024 7.35662 7.36901 
77.7537 1.89997 7.35663 7.36894 
77.8537 1.90006 7.35668 7.36887 
77.9537 1.89986 7.35672 7.36878 
78.0537 1.9001 7.35678 7.36871 
78.1537 1.89985 7.35683 7.3686 
78.2537 1.90009 7.3569 7.36853 
78.3537 1.90003 7.35696 7.36843 
78.4537 1.89953 7.35699 7.36829 
78.5537 1.89912 7.35701 7.36813 
78.6537 1.89912 7.3553 7.36612 
78.7537 1.90003 7.35214 7.36283 
78.8537 1.90239 7.34418 7.3548 
78.9537 1.90452 7.33668 7.34717 
79.0537 1.9083 7.32227 7.33256 
79.1537 1.91109 7.31057 7.32063 
79.2537 1.91563 7.28976 7.2992 
79.3537 1.91885 7.27391 7.28282 
79.4537 1.92395 7.24698 7.25504 
79.5537 1.92751 7.22701 7.23434 
79.6537 1.93294 7.194 7.20005 
79.7537 1.93657 7.16993 7.17497 
79.8537 1.94181 7.13089 7.1342 
79.9537 1.94498 7.10283 7.10484 
80.0537 1.94933 7.05756 7.05744 
80.1538 1.95183 7.0254 7.02364 
80.2537 1.95496 6.97437 6.97003 
80.3537 1.95638 6.93845 6.93237 
80.4537 1.95766 6.88161 6.87259 
80.5537 1.95778 6.84193 6.83097 
80.6537 1.95655 6.77982 6.76575 
80.7537 1.95485 6.73682 6.72087 
80.8537 1.95081 6.66945 6.65026 
80.9537 1.94575 6.61164 6.59008 
81.0537 1.94279 6.54493 6.5339 
81.1537 1.93241 6.4956 6.47169 
81.2537 1.92206 6.43637 6.40208 
81.3537 1.9146 6.37104 6.3399 
81.4537 1.90691 6.32839 6.28187 
81.5537 1.91359 6.26729 6.21208 
81.6537 1.92234 6.22728 6.16974 
81.7537 1.93126 6.17001 6.10852 
81.8537 1.9303 6.13176 6.06283 
81.9537 1.92679 6.073 6.00586 
82.0537 1.91316 6.03512 5.95621 
82.1537 1.90182 5.98463 5.91011 
82.2537 1.89361 5.9415 5.8584 
82.3537 1.88732 5.89475 5.81233 
82.4537 1.88575 5.86034 5.77567 
82.5537 1.89453 5.81738 5.72759 
82.6537 1.90332 5.77669 5.68064 
82.7537 1.91288 5.7378 5.63382 
82.8537 1.91433 5.6986 5.58768 
82.9537 1.90954 5.66033 5.54574 
83.0537 1.90309 5.62391 5.50717 
83.1537 1.89285 5.58603 5.46823 
83.2537 1.88693 5.54836 5.42773 
83.3537 1.87976 5.50885 5.3875 
83.4537 1.87834 5.4793 5.35186 
83.5537 1.88822 5.43857 5.3164 
83.6537 1.89708 5.41227 5.27964 
83.7537 1.9036 5.37608 5.23912 
83.8537 1.90563 5.34527 5.20683 
83.9537 1.90187 5.30526 5.16465 
84.0537 1.8963 5.27691 5.13472 
84.1537 1.88941 5.23288 5.08878 
84.2537 1.88585 5.2049 5.06052 
84.3537 1.87947 5.16241 5.01691 
84.454 1.87588 5.13154 4.98405 
84.5549 1.88258 5.09274 4.94241 
84.6537 1.88969 5.06679 4.91398 
84.7537 1.89732 5.02765 4.86948 
84.8537 1.89938 5.00041 4.83921 
84.9537 1.89695 4.96041 4.79593 
85.0537 1.89155 4.92975 4.76127 
85.1541 1.88706 4.88847 4.7195 
85.2537 1.88477 4.85344 4.68562 
85.3537 1.87946 4.82419 4.64664 
85.4537 1.88279 4.78087 4.60989 
85.5537 1.88895 4.75562 4.57223 
85.6537 1.89347 4.72048 4.53209 
85.7537 1.89737 4.68468 4.49636 
85.8537 1.89436 4.64772 4.46296 
85.9537 1.8825 4.60838 4.43604 
86.0537 1.87556 4.57073 4.40673 
86.1537 1.87238 4.53417 4.38299 
86.2538 1.87331 4.50077 4.35429 
86.3537 1.8749 4.46443 4.33249 
86.4537 1.87678 4.42892 4.30558 
86.5537 1.87351 4.39104 4.2879 
86.6537 1.87379 4.35805 4.25907 
86.7537 1.8731 4.32048 4.23335 
86.8537 1.87603 4.2863 4.19832 
86.9537 1.88127 4.25255 4.16171 
87.0537 1.88422 4.21765 4.1249 
87.1537 1.88731 4.1813 4.0856 
87.2537 1.88781 4.1473 4.04982 
87.3537 1.88845 4.11161 4.00866 
87.4537 1.8875 4.08549 3.97835 
87.5537 1.8816 4.05456 3.92538 
87.6537 1.87451 4.02186 3.87902 
87.7537 1.87159 3.99186 3.83038 
87.8537 1.87241 3.95627 3.79289 
87.9537 1.87427 3.93008 3.76215 
88.0537 1.87748 3.89497 3.71926 
88.1537 1.87851 3.87516 3.68703 
88.2537 1.87788 3.83878 3.64774 
88.3537 1.87679 3.79606 3.6152 
88.4537 1.87553 3.76851 3.58602 
88.5537 1.87613 3.73581 3.5577 
88.6537 1.87845 3.69153 3.53036 
88.7541 1.882 3.64725 3.47877 
88.8537 1.88482 3.59575 3.43921 
88.9543 1.88528 3.53746 3.37494 
89.0537 1.88465 3.48125 3.32714 
89.1537 1.88366 3.43651 3.28786 
89.2537 1.88657 3.37514 3.23784 
89.3537 1.89889 3.31041 3.1877 
89.4537 1.90996 3.26009 3.13748 
89.5537 1.92444 3.20509 3.08869 
89.6537 1.93326 3.15235 3.03879 
89.7537 1.94051 3.10454 2.99057 
89.8537 1.94939 3.03006 2.91753 
89.9537 1.95734 2.96617 2.87055 
90.0537 1.96735 2.90454 2.79964 
90.1537 1.97787 2.84202 2.75091 
90.2537 1.9859 2.78086 2.69626 
90.3537 1.99673 2.71411 2.63199 
90.4547 2.0024 2.64472 2.57193 
90.5537 2.00951 2.57545 2.50793 
90.6537 2.01404 2.50486 2.44418 
90.7537 2.01876 2.44991 2.39233 
90.8537 2.02566 2.37432 2.32116 
90.9537 2.03202 2.29958 2.26674 
91.0537 2.03618 2.23652 2.20129 
91.1537 2.04567 2.17603 2.14754 
91.2537 2.05525 2.12202 2.10395 
91.3537 2.07398 2.07157 2.0558 
91.4537 2.08709 2.03255 2.02536 
91.5537 2.10174 1.98592 1.98885 
91.6537 2.12593 1.94357 1.95272 
91.7537 2.14304 1.90209 1.92338 
91.8537 2.16755 1.86223 1.89281 
91.9537 2.18518 1.83859 1.87403 
92.0537 2.21361 1.81369 1.85143 
92.1537 2.23359 1.79006 1.83407 
92.2537 2.26437 1.76716 1.81517 
92.3537 2.28459 1.75191 1.80269 
92.4537 2.31404 1.73349 1.78169 
92.5537 2.33396 1.72054 1.76318 
92.6537 2.3508 1.70537 1.7403 
92.7537 2.37234 1.68096 1.70495 
92.8537 2.3864 1.66619 1.67458 
92.9537 2.39761 1.65087 1.65187 
93.0537 2.41286 1.6303 1.62697 
93.1537 2.425 1.61989 1.61554 
93.2541 2.44177 1.60708 1.60766 
93.3537 2.45647 1.59623 1.59481 
93.4537 2.47655 1.58128 1.58232 
93.5537 2.49223 1.57353 1.57475 
93.6565 2.50837 1.56773 1.57007 
93.754 2.53451 1.5621 1.5696 
93.8537 2.55742 1.55642 1.57336 
93.9541 2.57784 1.55439 1.57658 
94.0537 2.59895 1.55024 1.57156 
94.1537 2.61353 1.55125 1.56604 
94.2543 2.63226 1.55499 1.56559 
94.3537 2.64619 1.558 1.56524 
94.4537 2.66713 1.56391 1.57061 
94.5537 2.68131 1.56416 1.57896 
94.6549 2.69453 1.56393 1.58773 
94.7537 2.70738 1.5565 1.58582 
94.8537 2.71637 1.55172 1.57566 
94.9537 2.72707 1.54246 1.56726 
95.0543 2.73407 1.53794 1.55583 
95.1537 2.74406 1.5339 1.55096 
95.2537 2.75266 1.54025 1.55261 
95.354 2.7643 1.54104 1.55565 
95.4537 2.77334 1.54856 1.55872 
95.5537 2.78429 1.54761 1.55925 
95.6537 2.79176 1.54374 1.56411 
95.7537 2.80281 1.53506 1.56298 
95.8537 2.81026 1.53068 1.56811 
95.9537 2.82052 1.52741 1.57983 
96.0537 2.82612 1.52921 1.58516 
96.1567 2.83212 1.5257 1.57824 
96.2537 2.83644 1.5325 1.57494 
96.3537 2.84379 1.53375 1.56717 
96.4537 2.84902 1.54213 1.56909 
96.5537 2.85696 1.54138 1.56928 
96.6537 2.86198 1.53807 1.58744 
96.7537 2.86795 1.52913 1.59216 
96.8537 2.87133 1.52397 1.59874 
96.9537 2.87553 1.51686 1.59108 
97.0537 2.87703 1.51321 1.59012 
97.1537 2.8767 1.50376 1.58182 
97.2537 2.87585 1.49241 1.58743 
97.3537 2.87409 1.47504 1.5919 
97.4538 2.87457 1.45703 1.61219 
97.5537 2.87888 1.44217 1.61365 
97.6537 2.88383 1.4295 1.62044 
97.7537 2.8911 1.42075 1.6185 
97.8537 2.89573 1.41272 1.62085 
97.9537 2.90175 1.4083 1.61227 
98.0537 2.90416 1.39458 1.61951 
98.1537 2.90485 1.38504 1.61294 
98.2537 2.90399 1.36905 1.61618 
98.3537 2.90179 1.36196 1.60467 
98.4537 2.90175 1.34973 1.60505 
98.5537 2.90398 1.34737 1.59577 
98.6537 2.90484 1.3344 1.59963 
98.7537 2.90694 1.32851 1.59827 
98.8537 2.90538 1.3049 1.61461 
98.9537 2.90091 1.29702 1.61136 
99.0537 2.89665 1.27919 1.62046 
99.1537 2.89471 1.27686 1.61814 
99.2537 2.88728 1.26511 1.62268 
99.3537 2.87529 1.26723 1.61238 
99.4537 2.86671 1.2543 1.62331 
99.5537 2.85207 1.25632 1.617 
99.6537 2.84162 1.24492 1.63186 
99.7537 2.82114 1.25271 1.62288 
99.8537 2.80669 1.25782 1.62151 
99.9537 2.79122 1.26377 1.62829 
100.054 2.76349 1.28258 1.61551 
100.154 2.74705 1.29034 1.62663 
100.254 2.71535 1.30753 1.61641 
100.354 2.6927 1.32049 1.62532 
100.454 2.65576 1.34213 1.61267 
100.554 2.62991 1.3637 1.61818 
100.654 2.58881 1.38926 1.60316 
100.754 2.56022 1.41368 1.60822 
100.854 2.51822 1.44094 1.5953 
100.954 2.49057 1.46747 1.60439 
101.054 2.45118 1.49416 1.59751 
101.154 2.4264 1.52594 1.60935 
101.254 2.38889 1.55833 1.60287 
101.354 2.36287 1.59449 1.61308 
101.454 2.31901 1.63062 1.60405 
101.554 2.29146 1.67272 1.6163 
101.654 2.24947 1.70623 1.61031 
101.754 2.22157 1.75082 1.62448 
101.854 2.17911 1.78684 1.62395 
101.954 2.15289 1.83937 1.63823 
102.054 2.11034 1.87819 1.64383 
102.154 2.08502 1.92162 1.65436 
102.254 2.04421 1.97254 1.67458 
102.354 2.02064 2.02016 1.69095 
102.454 1.98102 2.07058 1.71961 
102.554 1.95866 2.1193 1.741 
102.654 1.92181 2.1814 1.77886 
102.754 1.90019 2.23102 1.80495 
102.854 1.86497 2.28379 1.84268 
102.954 1.84523 2.34837 1.8819 
103.054 1.81216 2.39363 1.92163 
103.154 1.79425 2.46268 1.96938 
103.254 1.76489 2.51838 2.02162 
103.354 1.7497 2.58476 2.07194 
103.454 1.72298 2.63103 2.1231 
103.554 1.70964 2.70219 2.18008 
103.654 1.68694 2.74954 2.23525 
103.754 1.67609 2.82068 2.29503 
103.854 1.65797 2.86814 2.35255 
103.954 1.65024 2.94032 2.41413 
104.054 1.63788 2.98762 2.47124 
104.154 1.63394 3.0576 2.53242 
104.254 1.62476 3.10561 2.5917 
104.354 1.62312 3.17777 2.65384 
104.454 1.62088 3.22503 2.70224 
104.555 1.61783 3.28913 2.77547 
104.655 1.62064 3.34507 2.82305 
104.754 1.62318 3.39364 2.8805 
104.854 1.62935 3.46482 2.94064 
104.954 1.63764 3.53711 3.01193 
105.054 1.64448 3.58393 3.05697 
105.154 1.6558 3.63313 3.11191 
105.254 1.67191 3.70642 3.1776 
105.354 1.68344 3.75556 3.21942 
105.454 1.69578 3.82743 3.2776 
105.554 1.70659 3.87637 3.33021 
105.654 1.71413 3.94903 3.39029 
105.754 1.72082 3.9976 3.44422 
105.854 1.72729 4.06871 3.50313 
105.954 1.7351 4.11847 3.55492 
106.054 1.74245 4.19031 3.61257 
106.154 1.74875 4.24024 3.66474 
106.254 1.75473 4.31321 3.72479 
106.355 1.75962 4.38543 3.7939 
106.454 1.76234 4.43307 3.83989 
106.554 1.76527 4.48122 3.89385 
106.654 1.76957 4.54993 3.9529 
106.754 1.77276 4.59603 4.00559 
106.854 1.77822 4.66234 4.06529 
106.954 1.78057 4.70833 4.12334 
107.054 1.7852 4.7742 4.18282 
107.154 1.78653 4.81773 4.2374 
107.254 1.79022 4.88243 4.29745 
107.354 1.79106 4.92482 4.35139 
107.454 1.79369 4.98453 4.40963 
107.554 1.79363 5.0236 4.46465 
107.654 1.79542 5.08022 4.5246 
107.754 1.79511 5.11771 4.57647 
107.854 1.79626 5.17648 4.6386 
107.954 1.79526 5.21344 4.69141 
108.054 1.79556 5.26747 4.75052 
108.154 1.79412 5.30349 4.80549 
108.254 1.79388 5.35555 4.86648 
108.354 1.79219 5.3899 4.92076 
108.454 1.79206 5.42572 4.96546 
108.554 1.79134 5.47517 5.03461 
108.654 1.79529 5.50976 5.08061 
108.754 1.80297 5.55827 5.14488 
108.854 1.81551 5.59147 5.19877 
108.954 1.82351 5.63789 5.26196 
109.054 1.82791 5.66747 5.31486 
109.154 1.826 5.71148 5.37348 
109.254 1.82137 5.74424 5.43048 
109.354 1.81811 5.77318 5.47517 
109.454 1.81411 5.81914 5.53382 
109.554 1.81459 5.8474 5.58658 
109.654 1.81748 5.88804 5.64473 
109.754 1.82058 5.91718 5.69599 
109.854 1.82289 5.9407 5.73887 
109.954 1.82446 5.97415 5.78622 
110.054 1.82603 5.99581 5.83037 
110.154 1.82828 6.02675 5.87282 
110.254 1.83339 6.04278 5.90798 
110.354 1.83724 6.07191 5.94813 
110.454 1.84482 6.08601 5.98137 
110.554 1.84939 6.11029 6.01501 
110.654 1.85596 6.12414 6.04564 
110.754 1.86033 6.14835 6.07877 
110.854 1.86768 6.16628 6.11068 
110.954 1.87197 6.19298 6.14334 
111.054 1.87913 6.21439 6.17722 
111.154 1.88361 6.22706 6.1972 
111.254 1.88975 6.24829 6.22833 
111.354 1.89324 6.26372 6.24943 
111.454 1.89812 6.28631 6.27987 
111.554 1.90021 6.30263 6.30003 
111.654 1.90288 6.32658 6.33044 
111.754 1.90384 6.34133 6.34925 
111.854 1.90448 6.36226 6.37595 
111.954 1.90433 6.37468 6.3919 
112.054 1.90398 6.39713 6.41673 
112.154 1.90268 6.41009 6.43426 
112.256 1.90103 6.43409 6.45925 
112.354 1.89754 6.44577 6.47365 
112.454 1.89587 6.46797 6.49531 
112.554 1.89318 6.48234 6.50972 
112.654 1.8919 6.50592 6.53232 
112.754 1.89031 6.52051 6.54713 
112.854 1.88938 6.5394 6.56568 
112.954 1.88772 6.56179 6.58874 
113.054 1.88686 6.57682 6.60375 
113.154 1.88562 6.59932 6.62545 
113.254 1.88491 6.61532 6.6405 
113.354 1.884 6.63862 6.66237 
113.454 1.88349 6.65405 6.6769 
113.554 1.88279 6.68044 6.70212 
113.654 1.88226 6.69607 6.71734 
113.754 1.88158 6.72011 6.74044 
113.854 1.88122 6.73707 6.75638 
113.954 1.88078 6.75984 6.77755 
114.054 1.88056 6.77523 6.79177 
114.154 1.88027 6.79911 6.81396 
114.254 1.88007 6.81634 6.83018 
114.354 1.87984 6.84249 6.85495 
114.454 1.87975 6.86049 6.87191 
114.554 1.8796 6.8832 6.89316 
114.654 1.8795 6.89911 6.90795 
114.754 1.87933 6.92266 6.9298 
114.854 1.87922 6.94044 6.94634 
114.954 1.8787 6.95842 6.96309 
115.054 1.87699 6.98234 6.98499 
115.154 1.87501 6.99962 7.00063 
115.254 1.87119 7.02288 7.02125 
115.354 1.86992 7.03985 7.03591 
115.454 1.87128 7.06461 7.05738 
115.554 1.87644 7.081 7.07132 
115.654 1.88021 7.10471 7.09202 
115.754 1.88421 7.13168 7.11582 
115.854 1.88393 7.14549 7.127 
115.954 1.88244 7.17147 7.15005 
116.054 1.88104 7.18771 7.16408 
116.154 1.87951 7.20233 7.17636 
116.254 1.87936 7.22328 7.19489 
116.354 1.88117 7.24192 7.21149 
116.454 1.8817 7.25477 7.22258 
116.554 1.88245 7.26728 7.23353 
116.654 1.88375 7.28527 7.24957 
116.754 1.88367 7.29651 7.25927 
116.854 1.88458 7.31259 7.27344 
116.954 1.88497 7.32762 7.28702 
117.054 1.88534 7.33649 7.29482 
117.154 1.88442 7.34328 7.30059 
117.254 1.88465 7.35461 7.31071 
117.354 1.88406 7.36233 7.31742 
117.454 1.885 7.37272 7.32667 
117.556 1.88495 7.38 7.33303 
117.654 1.8861 7.38783 7.33993 
117.754 1.88598 7.39241 7.34372 
117.854 1.88689 7.3981 7.34858 
117.954 1.88706 7.40156 7.35147 
118.054 1.88724 7.40606 7.35518 
118.154 1.88739 7.40894 7.35756 
118.255 1.88758 7.41162 7.35955 
118.354 1.88787 7.41309 7.36057 
118.454 1.88822 7.41351 7.36047 
118.554 1.88845 7.41303 7.35971 
118.654 1.88852 7.41222 7.35847 
118.754 1.88856 7.41225 7.35827 
118.854 1.8886 7.41248 7.35811 
118.954 1.8887 7.41312 7.35846 
119.054 1.88877 7.41387 7.35879 
119.154 1.88886 7.41423 7.35893 
119.254 1.88903 7.41398 7.35843 
119.354 1.88902 7.41375 7.35804 
119.454 1.88895 7.41364 7.35765 
119.554 1.88895 7.41375 7.35754 
119.654 1.88894 7.41431 7.35772 
119.754 1.88898 7.41472 7.35789 
119.854 1.88907 7.41501 7.35787 
119.954 1.88921 7.415 7.35768 
120.054 1.88941 7.41485 7.35734 
120.155 1.88939 7.41485 7.35703 
120.254 1.88878 7.41501 7.35687 
120.354 1.88941 7.41534 7.35689 
120.454 1.88924 7.41552 7.3568 
120.554 1.89 7.41524 7.35625 
120.654 1.89037 7.41414 7.35489 
120.754 1.89076 7.41315 7.35356 
120.854 1.89072 7.41224 7.35233 
120.954 1.89124 7.41108 7.35076 
121.054 1.89129 7.4103 7.34968 
121.154 1.89189 7.40894 7.34796 
121.254 1.89209 7.40795 7.34673 
121.354 1.89262 7.40631 7.34477 
121.454 1.89282 7.40539 7.34366 
121.554 1.89305 7.40432 7.34235 
121.654 1.89306 7.40369 7.34152 
121.754 1.89346 7.40323 7.34085 
121.854 1.89366 7.40274 7.34022 
121.954 1.89378 7.40192 7.33922 
122.054 1.89411 7.40142 7.33857 
122.154 1.89419 7.40087 7.33792 
122.255 1.89445 7.40054 7.3375 
122.355 1.89462 7.40011 7.33694 
122.454 1.89477 7.39991 7.33666 
122.554 1.89488 7.39965 7.33632 
122.654 1.89506 7.39935 7.33595 
122.754 1.89519 7.39911 7.33567 
122.854 1.89533 7.39889 7.3354 
122.954 1.89543 7.39869 7.33517 
123.054 1.89562 7.39844 7.3349 
123.154 1.89575 7.39835 7.3348 
123.254 1.89593 7.39823 7.33463 
123.354 1.89604 7.39815 7.33453 
123.457 1.89619 7.39809 7.33444 
123.555 1.89627 7.39803 7.33435 
123.654 1.8964 7.39792 7.33421 
123.754 1.89649 7.39787 7.33414 
123.86 1.89664 7.39782 7.33405 
123.954 1.89674 7.39779 7.33399 
124.054 1.89689 7.39778 7.33392 
124.154 1.89697 7.39776 7.33387 
124.254 1.89708 7.39772 7.33375 
124.354 1.89715 7.3977 7.33368 
124.454 1.89727 7.39771 7.3336 
124.554 1.89735 7.39773 7.33357 
124.654 1.89746 7.39776 7.33355 
124.754 1.89752 7.39777 7.33356 
124.854 1.89757 7.39778 7.33356 
124.954 1.89761 7.39779 7.33353 
125.054 1.89764 7.39781 7.33352 
125.154 1.8977 7.39783 7.3335 
125.254 1.89774 7.39784 7.33349 
125.354 1.89781 7.39783 7.33351 
125.454 1.89786 7.39782 7.33353 
125.554 1.89793 7.39781 7.33356 
125.654 1.89798 7.39782 7.3336 
125.754 1.89806 7.39786 7.33366 
125.854 1.89812 7.39787 7.33367 
125.954 1.89819 7.39786 7.33368 
126.054 1.89823 7.39785 7.33369 
126.154 1.89828 7.39783 7.33367 
126.254 1.89831 7.39782 7.33365 
126.371 1.89835 7.39782 7.33362 
126.454 1.89837 7.39781 7.3336 
126.554 1.89839 7.39778 7.33356 
126.654 1.8984 7.39776 7.33356 
126.754 1.89842 7.39774 7.33354 
126.854 1.89844 7.39773 7.33352 
126.954 1.89845 7.39775 7.33349 
127.054 1.89846 7.39777 7.33348 
127.154 1.89848 7.39779 7.33349 
127.254 1.89848 7.39781 7.33352 
127.354 1.89849 7.39784 7.33356 
127.454 1.8985 7.39784 7.33358 
127.556 1.89852 7.39783 7.33359 
127.654 1.89854 7.39782 7.33359 
127.754 1.89857 7.39779 7.33359 
127.854 1.8986 7.39777 7.3336 
127.955 1.89863 7.39776 7.33364 
128.054 1.89864 7.39775 7.33367 
128.154 1.89869 7.39772 7.33368 
128.254 1.89873 7.39769 7.33367 
128.354 1.89881 7.39765 7.33364 
128.454 1.89887 7.39766 7.33365 
128.554 1.89896 7.39771 7.33369 
128.654 1.899 7.39776 7.33372 
128.754 1.89905 7.39781 7.33375 
128.854 1.89908 7.39783 7.33374 
128.954 1.89912 7.39786 7.33373 
129.054 1.89916 7.39788 7.33373 
129.154 1.8992 7.39792 7.33373 
129.254 1.89922 7.39795 7.33373 
129.354 1.89923 7.39802 7.33373 
129.454 1.89922 7.39806 7.33372 
129.554 1.8992 7.39809 7.33371 
129.654 1.89919 7.3981 7.33369 
129.754 1.89918 7.3981 7.33368 
129.854 1.89921 7.39811 7.33369 
129.954 1.89923 7.39811 7.33371 
130.054 1.89925 7.3981 7.33373 
130.154 1.89925 7.39807 7.33373 
130.254 1.89921 7.39801 7.33373 
130.354 1.89918 7.39793 7.33371 
130.454 1.89912 7.39782 7.33368 
130.554 1.89908 7.39775 7.33364 
130.654 1.89905 7.39768 7.33363 
130.754 1.89904 7.39764 7.33364 
130.854 1.899 7.39761 7.33365 
130.956 1.89901 7.39758 7.33367 
131.054 1.899 7.39755 7.33366 
131.156 1.89898 7.39749 7.33365 
131.254 1.89899 7.39744 7.33365 
131.354 1.89902 7.39738 7.33367 
131.454 1.89904 7.39733 7.33369 
131.554 1.8991 7.39726 7.33375 
131.654 1.89915 7.39722 7.33381 
131.754 1.89921 7.39717 7.33387 
131.855 1.8993 7.39716 7.33397 
131.954 1.89939 7.39716 7.33407 
132.054 1.89948 7.39718 7.33416 
132.154 1.89954 7.3972 7.33422 
132.254 1.89963 7.39723 7.33428 
132.354 1.89969 7.39724 7.33429 
132.454 1.89978 7.39725 7.33427 
132.554 1.89984 7.39724 7.33425 
132.654 1.89993 7.39722 7.33421 
132.754 1.89998 7.3972 7.33418 
132.854 1.90005 7.39719 7.33416 
132.954 1.90008 7.39719 7.33415 
133.054 1.90009 7.39717 7.3341 
133.154 1.90009 7.39716 7.33405 
133.254 1.9001 7.39713 7.33395 
133.354 1.90003 7.39705 7.33391 
133.454 1.89986 7.39664 7.33402 
133.554 1.8998 7.39622 7.33422 
133.654 1.89977 7.39578 7.33445 
133.754 1.89978 7.39517 7.33483 
133.854 1.89981 7.39477 7.33509 
133.956 1.90022 7.39419 7.33549 
134.054 1.89847 7.39358 7.33571 
134.154 1.8996 7.39314 7.33607 
134.254 1.89936 7.39271 7.33632 
134.354 1.89915 7.39207 7.3367 
134.454 1.8991 7.39164 7.33696 
134.554 1.8991 7.39099 7.33735 
134.654 1.89907 7.39057 7.33762 
134.754 1.89905 7.38994 7.33805 
134.854 1.89904 7.38952 7.33836 
134.954 1.89899 7.38892 7.33884 
135.054 1.89893 7.38851 7.33916 
135.154 1.89889 7.38792 7.33957 
135.254 1.8989 7.38753 7.33982 
135.354 1.89898 7.387 7.34015 
135.454 1.89909 7.38666 7.34034 
135.554 1.89931 7.38619 7.34064 
135.654 1.89933 7.3859 7.34084 
135.755 1.89934 7.38552 7.34113 
135.854 1.89944 7.38525 7.34136 
135.954 1.8996 7.38502 7.34154 
136.055 1.89986 7.38471 7.3418 
136.154 1.90005 7.38452 7.34195 
136.254 1.8998 7.38424 7.34208 
136.354 1.89976 7.38406 7.34218 
136.454 1.89995 7.38382 7.34234 
136.554 1.90011 7.38368 7.34243 
136.654 1.90035 7.3835 7.34251 
136.754 1.89989 7.38339 7.34247 
136.854 1.89865 7.38326 7.34235 
136.954 1.89806 7.38318 7.34233 
137.054 1.89788 7.38311 7.34238 
137.154 1.89799 7.3831 7.34242 
137.254 1.89883 7.3832 7.34249 
137.354 1.89928 7.38326 7.34255 
137.454 1.90002 7.38337 7.34265 
137.554 1.90053 7.38342 7.34272 
137.654 1.90129 7.38348 7.3428 
137.754 1.90175 7.38351 7.34285 
137.854 1.90233 7.38354 7.34293 
137.954 1.9026 7.38356 7.34296 
138.054 1.90265 7.38362 7.34293 
138.154 1.90272 7.38368 7.34288 
138.254 1.903 7.38377 7.34281 
138.354 1.90324 7.3838 7.34276 
138.454 1.90354 7.38381 7.34267 
138.554 1.9033 7.38373 7.34261 
138.654 1.90265 7.38375 7.34241 
138.754 1.90251 7.38383 7.34227 
138.854 1.90266 7.384 7.3421 
138.954 1.90286 7.38414 7.342 
139.054 1.90313 7.38434 7.34188 
139.154 1.90228 7.38434 7.34176 
139.254 1.90043 7.38431 7.34149 
139.718 1.89987 7.3851 7.34054 
140.187 1.89735 7.38612 7.3396 
140.309 1.89683 7.38646 7.3394 
140.387 1.89679 7.38669 7.33929 
140.487 1.89645 7.3869 7.33917 
140.587 1.89571 7.38714 7.33898 
140.687 1.89527 7.38733 7.33885 
140.787 1.89474 7.38764 7.33866 
140.902 1.89365 7.38787 7.33848 
140.987 1.89398 7.38818 7.33836 
141.087 1.8937 7.38837 7.33822 
141.187 1.8929 7.38863 7.33795 
141.287 1.89283 7.38881 7.33782 
141.387 1.89244 7.3891 7.33758 
141.487 1.89217 7.3893 7.33743 
141.587 1.89176 7.38961 7.33721 
141.687 1.89148 7.38982 7.33705 
141.787 1.89185 7.39011 7.33688 
141.906 1.89067 7.39042 7.33655 
141.993 1.8904 7.39063 7.33639 
142.087 1.89014 7.39085 7.33623 
142.187 1.88987 7.39108 7.33608 
142.287 1.88946 7.39141 7.33585 
142.388 1.88987 7.39174 7.33569 
142.487 1.88884 7.39197 7.33546 
142.587 1.88931 7.3923 7.33532 
142.687 1.88842 7.39254 7.33513 
142.796 1.88839 7.3929 7.33497 
142.887 1.88848 7.39315 7.33487 
142.987 1.88864 7.3934 7.33477 
143.087 1.88904 7.39376 7.33462 
143.187 1.88938 7.39399 7.33453 
143.287 1.88996 7.39433 7.3344 
143.957 1.89284 7.3958 7.3339 
144.058 1.89308 7.39591 7.33386 
144.158 1.893 7.39602 7.33381 
144.257 1.89362 7.39616 7.33379 
144.357 1.8938 7.39623 7.33377 
144.49 1.89393 7.39634 7.33373 
144.557 1.89431 7.39641 7.33374 
144.657 1.89459 7.39653 7.33375 
144.757 1.89477 7.39662 7.33378 
144.905 1.89508 7.39678 7.33379 
144.963 1.89515 7.39682 7.33379 
145.057 1.89535 7.39692 7.33377 
145.16 1.89547 7.397 7.33375 
145.258 1.89551 7.39707 7.33372 
145.36 1.89576 7.39716 7.33368 
145.457 1.89583 7.39721 7.33365 
145.557 1.8961 7.39726 7.33359 
145.657 1.89627 7.39727 7.33353 
145.758 1.89659 7.3973 7.33348 
145.857 1.89678 7.39729 7.33344 
145.957 1.89699 7.3973 7.33344 
146.057 1.89727 7.39733 7.33345 
146.157 1.8974 7.39734 7.33347 
146.257 1.89759 7.39736 7.33347 
146.358 1.89769 7.39734 7.33348 
146.457 1.89779 7.39732 7.33349 
146.557 1.89788 7.3973 7.33349 
146.657 1.89797 7.39728 7.33348 
146.757 1.8981 7.39728 7.33344 
146.857 1.89819 7.39729 7.33342 
146.957 1.89833 7.39732 7.33338 
147.057 1.89843 7.39735 7.33337 
147.157 1.89857 7.39742 7.33337 
147.257 1.89865 7.39747 7.33339 
147.357 1.89875 7.39755 7.3334 
147.457 1.89881 7.39759 7.3334 
147.558 1.89892 7.39764 7.33338 
147.657 1.89901 7.39768 7.33337 
147.757 1.89916 7.3977 7.33334 
147.857 1.89926 7.39772 7.33332 
147.957 1.89941 7.39773 7.33331 
148.057 1.8995 7.39774 7.33332 
148.157 1.89963 7.39778 7.33332 
148.257 1.89971 7.39781 7.33331 
148.357 1.89985 7.39784 7.33329 
148.457 1.89993 7.39786 7.33327 
148.557 1.90005 7.39788 7.33325 
148.657 1.90013 7.39789 7.33325 
148.757 1.90019 7.39789 7.33325 
148.857 1.90027 7.3979 7.33325 
148.957 1.90038 7.3979 7.33326 
149.057 1.90073 7.39774 7.33338 
149.157 1.90091 7.39744 7.33357 
149.309 1.90119 7.39663 7.3341 
149.357 1.90154 7.39646 7.33424 
149.457 1.90016 7.39579 7.33453 
149.557 1.90164 7.39535 7.33497 
149.727 1.89996 7.39415 7.33556 
149.757 1.90157 7.39415 7.33573 
149.857 1.90009 7.39336 7.33603 
149.957 1.90201 7.39282 7.33653 
150.057 1.90036 7.39197 7.3368 
150.157 1.9018 7.3914 7.33724 
150.257 1.89985 7.39056 7.33747 
150.358 1.901 7.39003 7.33787 
150.457 1.89923 7.38928 7.33812 
150.557 1.9004 7.38881 7.3385 
150.659 1.8989 7.38815 7.33875 
150.757 1.89982 7.38767 7.33912 
150.857 1.89865 7.38709 7.33936 
150.957 1.89996 7.38671 7.33972 
151.057 1.89903 7.38621 7.33997 
151.157 1.8997 7.3859 7.34024 
151.258 1.89957 7.38561 7.34044 
151.357 1.89964 7.38521 7.34073 
151.459 1.89909 7.38488 7.34095 
151.557 1.90013 7.38471 7.34127 
151.661 1.8997 7.38447 7.34149 
151.757 1.89901 7.38434 7.34162 
151.857 1.89832 7.38415 7.34176 
151.957 1.89875 7.38407 7.34197 
152.166 1.89911 7.38386 7.34231 
152.266 1.89969 7.38385 7.34243 
152.366 1.9008 7.38386 7.34258 
152.466 1.90153 7.38379 7.34269 
152.566 1.90159 7.38373 7.34272 
152.666 1.90096 7.38367 7.34268 
152.766 1.90069 7.38359 7.34268 
152.866 1.9007 7.38354 7.34271 
152.966 1.90106 7.38353 7.3428 
153.066 1.90122 7.38358 7.34282 
153.166 1.90165 7.38367 7.34286 
153.266 1.90226 7.38374 7.34291 
153.366 1.90276 7.38378 7.34294 
153.466 1.90352 7.38382 7.34298 
153.566 1.90385 7.3838 7.343 
153.666 1.90384 7.38379 7.34297 
153.766 1.9041 7.38385 7.34294 
153.866 1.90485 7.384 7.34289 
153.966 1.90544 7.38411 7.34286 
154.121 1.90619 7.3843 7.34278 
154.166 1.90587 7.38429 7.34275 
154.266 1.90478 7.38428 7.34262 
154.366 1.90477 7.38437 7.34255 
154.466 1.90541 7.38461 7.34246 
154.566 1.90615 7.38481 7.34239 
154.666 1.90557 7.38494 7.3422 
154.766 1.9057 7.38515 7.34201 
154.866 1.90395 7.38508 7.3418 
154.966 1.9031 7.38522 7.34156 
155.066 1.90368 7.38546 7.3414 
155.18 1.90534 7.38596 7.34115 
155.291 1.90579 7.38636 7.34085 
155.395 1.90436 7.38662 7.34044 
155.466 1.90499 7.38685 7.34031 
155.59 1.90212 7.38677 7.33996 
155.716 1.90081 7.38704 7.33952 
155.766 1.90177 7.38731 7.33941 
155.867 1.90201 7.3876 7.3392 
155.966 1.90175 7.38805 7.33884 
156.066 1.90096 7.38835 7.33855 
156.166 1.89863 7.38854 7.3382 
156.271 1.8974 7.38866 7.33801 
156.366 1.89649 7.38897 7.33775 
156.466 1.89609 7.38919 7.33759 
156.566 1.89474 7.3894 7.33731 
156.666 1.895 7.38973 7.3371 
156.766 1.89406 7.39002 7.33674 
156.916 1.89369 7.39032 7.33645 
156.966 1.89293 7.39042 7.33629 
157.067 1.8938 7.39077 7.33615 
157.166 1.89328 7.39104 7.33597 
157.266 1.89424 7.39144 7.33585 
157.366 1.89372 7.39173 7.33569 
157.466 1.89465 7.39213 7.33559 
157.566 1.89466 7.3925 7.33544 
157.666 1.89542 7.39285 7.33534 
157.766 1.89476 7.3931 7.3352 
157.866 1.8958 7.39347 7.33512 
157.966 1.89545 7.39375 7.33502 
158.066 1.89643 7.39411 7.33496 
158.205 1.89646 7.3945 7.33485 
158.266 1.89704 7.39471 7.33486 
158.366 1.89682 7.39495 7.3348 
158.466 1.89757 7.39527 7.33476 
158.566 1.89739 7.39549 7.33471 
158.666 1.89817 7.39578 7.33467 
158.766 1.89803 7.39594 7.3346 
158.866 1.89901 7.39617 7.33453 
158.966 1.89915 7.39627 7.33438 
159.066 1.89896 7.3963 7.33428 
159.193 1.89815 7.39623 7.33412 
159.266 1.89768 7.39619 7.33401 
159.366 1.89703 7.39611 7.33384 
159.466 1.8966 7.39606 7.33372 
159.566 1.89617 7.396 7.33359 
159.666 1.89583 7.39587 7.33348 
159.766 1.89552 7.39577 7.33341 
159.866 1.895 7.39568 7.33339 
160.01 1.89439 7.39558 7.33338 
160.066 1.8941 7.39553 7.33339 
160.166 1.89374 7.3955 7.33341 
160.266 1.89332 7.39545 7.33341 
160.366 1.89303 7.39545 7.33342 
160.466 1.89262 7.39546 7.33345 
160.566 1.89235 7.39547 7.33347 
160.666 1.89204 7.3955 7.3335 
160.766 1.89168 7.39549 7.33351 
160.866 1.89137 7.3955 7.33348 
160.966 1.891 7.39548 7.33346 
161.066 1.89058 7.39547 7.33344 
161.166 1.8903 7.39549 7.33345 
161.266 1.88998 7.39553 7.33349 
161.366 1.88961 7.39554 7.33353 
161.466 1.88931 7.39556 7.33359 
161.566 1.88896 7.39553 7.33361 
161.666 1.88866 7.39551 7.33364 
161.766 1.8883 7.39544 7.33365 
161.866 1.88798 7.39539 7.33365 
161.966 1.88763 7.39534 7.33364 
162.066 1.88733 7.39531 7.33366 
162.188 1.88692 7.39528 7.33371 
162.266 1.88664 7.39527 7.33376 
162.366 1.88628 7.39526 7.33381 
162.466 1.88598 7.39528 7.33386 
162.592 1.88557 7.39531 7.33389 
162.666 1.88529 7.39534 7.3339 
162.766 1.88501 7.39537 7.3339 
162.893 1.88449 7.39544 7.33392 
162.966 1.88437 7.39547 7.33394 
163.066 1.88401 7.39553 7.33398 
163.166 1.88378 7.39555 7.33401 
163.267 1.88347 7.39556 7.33406 
163.366 1.88328 7.39556 7.33408 
163.467 1.88303 7.39554 7.33412 
163.566 1.88287 7.39551 7.33413 
163.666 1.88264 7.39547 7.33414 
163.766 1.8825 7.39544 7.33414 
163.866 1.88228 7.39542 7.33413 
163.967 1.88212 7.39542 7.33413 
164.066 1.88186 7.39541 7.33414 
164.166 1.88169 7.3954 7.33414 
164.266 1.88144 7.39538 7.33416 
164.366 1.88128 7.39537 7.33417 
164.466 1.88108 7.39535 7.33417 
164.566 1.88096 7.39533 7.33415 
164.666 1.88079 7.39531 7.33411 
164.766 1.88069 7.39528 7.33409 
164.866 1.88057 7.39524 7.33406 
164.995 1.8805 7.3952 7.33403 
165.066 1.88047 7.39516 7.33401 
165.166 1.88045 7.39514 7.334 
165.266 1.88041 7.39514 7.33398 
165.366 1.88037 7.39515 7.33396 
165.468 1.88031 7.39516 7.33395 
165.566 1.88025 7.39513 7.33393 
165.666 1.8802 7.39506 7.33391 
165.766 1.88014 7.39496 7.33389 
165.868 1.88012 7.39489 7.33387 
165.969 1.8801 7.39478 7.33384 
166.066 1.88009 7.39473 7.33382 
166.169 1.88007 7.39467 7.3338 
166.266 1.88006 7.39466 7.3338 
166.369 1.88002 7.39463 7.33378 
166.466 1.87999 7.3946 7.33374 
166.566 1.87991 7.39455 7.33365 
166.666 1.87984 7.39452 7.33359 
166.767 1.87973 7.3945 7.3335 
166.866 1.87965 7.39451 7.33345 
166.966 1.87951 7.39452 7.33341 
167.067 1.87942 7.39453 7.33341 
167.167 1.87929 7.39455 7.33343 
167.266 1.8792 7.39455 7.33346 
167.366 1.8791 7.39458 7.33352 
167.467 1.87905 7.3946 7.33359 
167.613 1.879 7.39464 7.33367 
167.666 1.87899 7.39465 7.33369 
167.766 1.87897 7.39465 7.33372 
167.866 1.87894 7.39463 7.33374 
167.966 1.87892 7.39461 7.33375 
168.066 1.87893 7.39461 7.33374 
168.166 1.87897 7.3946 7.33372 
168.266 1.87903 7.39459 7.3337 
168.371 1.87911 7.39457 7.33367 
168.466 1.8792 7.39457 7.33365 
168.566 1.8793 7.39458 7.33364 
168.666 1.87936 7.39458 7.33363 
168.766 1.8794 7.39458 7.33361 
168.866 1.8794 7.39457 7.33359 
168.966 1.87937 7.39456 7.33355 
169.066 1.87931 7.39455 7.33352 
169.166 1.87922 7.39454 7.33345 
169.279 1.87911 7.39453 7.33341 
169.388 1.87896 7.39451 7.33336 
169.466 1.87883 7.3945 7.33334 
169.566 1.87869 7.39449 7.33331 
169.666 1.87856 7.39445 7.33329 
169.766 1.87847 7.39441 7.33325 
169.866 1.8784 7.39436 7.33321 
169.966 1.87835 7.39433 7.33317 
170.111 1.87827 7.39432 7.33317 
170.166 1.87825 7.39433 7.33318 
170.266 1.87819 7.39435 7.33318 
170.366 1.87814 7.39438 7.33321 
170.466 1.87806 7.39438 7.33321 
170.566 1.87799 7.39438 7.33322 
170.666 1.87794 7.39436 7.33321 
170.766 1.87791 7.39435 7.33322 
170.878 1.87792 7.39434 7.33321 
170.966 1.87795 7.39434 7.33319 
171.066 1.87801 7.39433 7.33316 
171.166 1.87805 7.39432 7.33313 
171.266 1.87813 7.39433 7.33307 
171.381 1.8782 7.39435 7.33303 
171.466 1.87826 7.39437 7.33302 
171.566 1.87832 7.3944 7.33303 
171.691 1.87842 7.39445 7.33306 
171.766 1.87849 7.39448 7.33308 
171.867 1.87859 7.39452 7.3331 
171.966 1.87865 7.39456 7.33312 
172.068 1.87874 7.39459 7.33311 
172.166 1.87878 7.39462 7.33312 
172.266 1.87884 7.39463 7.33312 
172.369 1.87887 7.39464 7.33312 
172.466 1.87889 7.39463 7.33312 
172.566 1.87888 7.39462 7.33312 
172.674 1.87885 7.3946 7.33311 
172.766 1.87881 7.39458 7.33309 
172.866 1.87877 7.39457 7.33307 
172.966 1.87871 7.39459 7.33304 
173.066 1.87866 7.39462 7.33303 
173.166 1.87858 7.39467 7.33302 
173.266 1.87852 7.39469 7.33302 
173.366 1.87842 7.39472 7.33302 
173.466 1.87834 7.39473 7.33302 
173.566 1.87824 7.39474 7.33301 
173.666 1.8782 7.39474 7.33299 
173.768 1.87814 7.39472 7.33295 
173.866 1.8781 7.39468 7.33292 
173.966 1.87804 7.39463 7.33287 
174.066 1.878 7.3946 7.33285 
174.166 1.87796 7.39456 7.33281 
174.266 1.87794 7.39453 7.33279 
174.366 1.87791 7.39448 7.33276 
174.466 1.87789 7.39445 7.33275 
174.567 1.87788 7.39439 7.33275 
174.666 1.87787 7.39435 7.33276 
174.766 1.87785 7.39431 7.33279 
174.866 1.87784 7.3943 7.33281 
174.966 1.87782 7.3943 7.33286 
175.066 1.8778 7.3943 7.33288 
175.166 1.87775 7.39429 7.3329 
175.266 1.87771 7.39428 7.33293 
175.366 1.87766 7.39426 7.33296 
175.479 1.87764 7.39424 7.333 
175.574 1.87762 7.39423 7.33302 
175.666 1.87761 7.39422 7.33304 
175.766 1.8776 7.39419 7.33305 
175.866 1.8776 7.39415 7.33302 
175.966 1.87761 7.39409 7.33297 
176.066 1.87762 7.39405 7.33292 
176.166 1.87764 7.394 7.33287 
176.266 1.87766 7.39399 7.33284 
176.366 1.87769 7.39399 7.33281 
176.466 1.87772 7.394 7.3328 
176.566 1.87777 7.39405 7.33281 
176.666 1.87782 7.3941 7.33283 
176.766 1.87789 7.39419 7.3329 
176.866 1.87794 7.39426 7.33296 
176.966 1.878 7.39436 7.33306 
177.066 1.87803 7.39441 7.33312 
177.166 1.87804 7.39448 7.33321 
177.266 1.87805 7.39451 7.33326 
177.366 1.87807 7.39454 7.33331 
177.466 1.87808 7.39458 7.33334 
177.566 1.87811 7.39461 7.33337 
177.666 1.87812 7.39465 7.33339 
177.766 1.87812 7.39466 7.3334 
177.866 1.87811 7.39465 7.3334 
177.966 1.8781 7.3946 7.33336 
178.066 1.8781 7.39458 7.33334 
178.166 1.87808 7.39456 7.33334 
178.266 1.87808 7.39455 7.33335 
178.366 1.87806 7.39454 7.33339 
178.466 1.87805 7.39455 7.33342 
178.566 1.87803 7.39457 7.33345 
178.666 1.87801 7.3946 7.33347 
178.766 1.87796 7.39468 7.33349 
178.866 1.87789 7.39474 7.3335 
178.966 1.87782 7.39481 7.33351 
179.066 1.87772 7.39489 7.33353 
179.166 1.87767 7.39493 7.33355 
179.266 1.87761 7.39497 7.33359 
179.366 1.87759 7.39499 7.33362 
179.494 1.87757 7.39499 7.33367 
179.569 1.87758 7.39498 7.33368 
179.666 1.87759 7.39496 7.33369 
179.766 1.87759 7.39493 7.33371 
179.866 1.87759 7.39487 7.33372 
179.966 1.87756 7.39479 7.33372 
180.066 1.87757 7.39472 7.33374 
180.166 1.87755 7.39464 7.33376 
180.266 1.87754 7.39452 7.3338 
180.366 1.87753 7.39447 7.33382 
180.466 1.87749 7.39445 7.33385 
180.566 1.87745 7.39445 7.33388 
180.666 1.87737 7.39445 7.3339 
180.766 1.87729 7.39445 7.33393 
180.866 1.8772 7.39446 7.33396 
180.966 1.87715 7.39446 7.33396 
181.066 1.87709 7.39447 7.33395 
181.166 1.87704 7.39446 7.33392 
181.266 1.87697 7.39445 7.33387 
181.366 1.87692 7.39443 7.33382 
181.466 1.87685 7.39441 7.33376 
181.566 1.87681 7.39441 7.33374 
181.666 1.87676 7.39441 7.33372 
181.766 1.87673 7.39442 7.33373 
181.866 1.8767 7.39446 7.33374 
181.966 1.87668 7.3945 7.33374 
182.066 1.87665 7.39457 7.33373 
182.166 1.87665 7.39462 7.33372 
182.266 1.87665 7.39468 7.3337 
182.366 1.87665 7.39472 7.33369 
182.466 1.87665 7.39479 7.33369 
182.566 1.87663 7.39485 7.3337 
182.666 1.87662 7.39491 7.3337 
182.766 1.8766 7.39502 7.33372 
182.866 1.8766 7.3951 7.33374 
182.966 1.87662 7.39519 7.33378 
183.066 1.87665 7.39529 7.33379 
183.166 1.87667 7.39536 7.33381 
183.266 1.87667 7.39543 7.33383 
183.366 1.87666 7.39546 7.33385 
183.466 1.87661 7.39549 7.33388 
183.566 1.87658 7.3955 7.3339 
183.666 1.87655 7.39548 7.33392 
183.766 1.87655 7.39545 7.33391 
183.866 1.87658 7.39538 7.33391 
183.966 1.87661 7.39531 7.33389 
184.066 1.87666 7.39523 7.3339 
184.166 1.87669 7.39517 7.33391 
184.266 1.87673 7.39507 7.33394 
184.366 1.87676 7.39499 7.33392 
184.466 1.87681 7.39488 7.3339 
184.566 1.87683 7.39478 7.33385 
184.666 1.87684 7.39467 7.33382 
184.766 1.87686 7.39459 7.33378 
184.866 1.8769 7.39453 7.33378 
184.966 1.87696 7.3945 7.33379 
185.066 1.87707 7.39446 7.3338 
185.168 1.87715 7.39443 7.3338 
185.266 1.87723 7.39439 7.33379 
185.366 1.87731 7.39436 7.33378 
185.466 1.87737 7.39435 7.33378 
185.566 1.87744 7.39436 7.33377 
185.666 1.87749 7.39437 7.33376 
185.766 1.87757 7.39438 7.33374 
185.866 1.87763 7.39438 7.33372 
185.966 1.8777 7.39438 7.3337 
186.066 1.87772 7.39439 7.33369 
186.166 1.87772 7.3944 7.33368 
186.266 1.87768 7.39441 7.33364 
186.366 1.87764 7.39442 7.33361 
186.466 1.87757 7.39444 7.33355 
186.566 1.87752 7.39445 7.33351 
186.666 1.87746 7.39447 7.33344 
186.766 1.87743 7.3945 7.3334 
186.866 1.87739 7.39452 7.33335 
187.05 1.87747 7.39455 7.33328 
187.076 1.87747 7.39454 7.33325 
187.207 1.87756 7.39454 7.33318 
187.268 1.8776 7.39453 7.33313 
187.374 1.87766 7.39451 7.33308 
187.471 1.87771 7.39448 7.33302 
187.566 1.87773 7.39447 7.33298 
187.666 1.87775 7.39443 7.33295 
187.766 1.87774 7.39439 7.33296 
187.866 1.87774 7.39436 7.33297 
187.966 1.87774 7.39433 7.33298 
188.066 1.87776 7.3943 7.33301 
188.166 1.87778 7.39428 7.33305 
188.267 1.87781 7.39424 7.3331 
188.366 1.8778 7.3942 7.33316 
188.466 1.8778 7.39415 7.33322 
188.566 1.87781 7.39416 7.33332 
188.666 1.8778 7.39417 7.33339 
188.766 1.87783 7.39423 7.33352 
188.866 1.87786 7.39427 7.3336 
188.966 1.8779 7.39431 7.33369 
189.066 1.87791 7.39433 7.33375 
189.166 1.87798 7.39438 7.33381 
189.266 1.87802 7.39443 7.33383 
189.366 1.87807 7.39449 7.33385 
189.466 1.87809 7.39455 7.33387 
189.566 1.87808 7.39459 7.3339 
189.666 1.87807 7.3946 7.33392 
189.766 1.87803 7.39463 7.33394 
189.866 1.87799 7.39464 7.33395 
189.966 1.87791 7.39466 7.33397 
190.066 1.87783 7.39469 7.33398 
190.166 1.87772 7.39469 7.334 
190.266 1.87761 7.3947 7.33401 
190.366 1.87751 7.39471 7.334 
190.466 1.87741 7.39471 7.33399 
190.566 1.87733 7.39469 7.33397 
190.666 1.87725 7.39464 7.33392 
190.766 1.87719 7.39458 7.33387 
190.866 1.87714 7.39452 7.33381 
190.967 1.87708 7.39446 7.33379 
191.066 1.87702 7.39443 7.33377 
191.166 1.87695 7.39439 7.33375 
191.267 1.87686 7.39437 7.33374 
191.366 1.87677 7.39436 7.33375 
191.466 1.87667 7.39437 7.3338 
191.566 1.87659 7.39438 7.33384 
191.666 1.8765 7.39439 7.33387 
191.766 1.87644 7.39441 7.33391 
191.866 1.87635 7.3944 7.3339 
191.966 1.8763 7.39437 7.33388 
192.066 1.87623 7.39432 7.33384 
192.166 1.87618 7.39427 7.3338 
192.266 1.87612 7.39422 7.33377 
192.369 1.87607 7.39419 7.33376 
192.466 1.87598 7.39417 7.33376 
192.566 1.87591 7.39417 7.33375 
192.666 1.87582 7.39418 7.33374 
192.766 1.87579 7.3942 7.33373 
192.866 1.87578 7.39423 7.33373 
192.966 1.87581 7.39426 7.33374 
193.066 1.87589 7.39429 7.33374 
193.166 1.87596 7.3943 7.33374 
193.266 1.87607 7.39432 7.33375 
193.366 1.87614 7.39433 7.33376 
193.467 1.87624 7.39437 7.33378 
193.566 1.87631 7.3944 7.3338 
