2.13947 -3.50119 1.50044 0.700266
2.13947 -3.50121 1.50045 0.70027
2.13947 -3.50123 1.50046 0.700273
2.13947 -3.50125 1.50046 0.700276
2.13947 -3.50128 1.50045 0.70028
2.13947 -3.50129 1.50044 0.700283
2.13947 -3.5013 1.50043 0.700286
2.13947 -3.50132 1.50042 0.700289
2.13947 -3.50135 1.50043 0.70029
2.13947 -3.50138 1.50043 0.700291
2.13947 -3.5014 1.50042 0.700293
2.13947 -3.50142 1.5004 0.700293
2.13947 -3.50142 1.50039 0.700294
2.13947 -3.50142 1.50038 0.700294
2.13947 -3.50143 1.50038 0.700295
2.13947 -3.50145 1.50039 0.700295
2.13947 -3.50147 1.5004 0.700296
2.13947 -3.50151 1.5004 0.700297
2.13947 -3.50152 1.5004 0.700297
2.13947 -3.50152 1.50041 0.700299
2.13947 -3.50152 1.50042 0.7003
2.13947 -3.50153 1.50044 0.700303
2.13947 -3.50154 1.50045 0.700305
2.13947 -3.50156 1.50047 0.700308
2.13947 -3.50157 1.50048 0.700311
2.13947 -3.50159 1.50049 0.700315
2.13947 -3.50161 1.5005 0.700319
2.13947 -3.50162 1.50049 0.700322
2.13947 -3.50164 1.50049 0.700326
2.13947 -3.50165 1.50049 0.700329
2.13947 -3.50168 1.50049 0.700333
2.13947 -3.5017 1.50048 0.700335
2.13947 -3.50171 1.50047 0.700337
2.13947 -3.50172 1.50045 0.700339
2.13947 -3.50172 1.50043 0.70034
2.13947 -3.50172 1.50042 0.70034
2.13947 -3.50172 1.50041 0.700339
2.13947 -3.50172 1.5004 0.700339
2.13947 -3.50171 1.50039 0.700338
2.13947 -3.5017 1.50039 0.700337
2.13947 -3.50169 1.50037 0.700336
2.13947 -3.50169 1.50035 0.700335
2.13947 -3.5017 1.50031 0.700334
2.13947 -3.50172 1.50029 0.700332
2.13947 -3.50173 1.50027 0.70033
2.13947 -3.50173 1.50026 0.700328
2.13947 -3.50174 1.50025 0.700325
2.13947 -3.50173 1.50024 0.700324
2.13947 -3.50172 1.50022 0.700321
2.13947 -3.50171 1.50021 0.700319
2.13947 -3.50171 1.50019 0.700316
2.13947 -3.50172 1.50019 0.700315
2.13947 -3.50174 1.5002 0.700313
2.13947 -3.50175 1.50021 0.700312
2.13947 -3.50176 1.50021 0.700312
2.13947 -3.50175 1.50021 0.700312
2.13947 -3.50175 1.50021 0.700312
2.13947 -3.50175 1.50021 0.700313
2.13947 -3.50176 1.50022 0.700314
2.13947 -3.50178 1.50024 0.700316
2.13947 -3.50178 1.50025 0.700318
2.13947 -3.5018 1.50024 0.70032
2.13947 -3.50181 1.50022 0.700322
2.13947 -3.50182 1.50019 0.700324
2.13947 -3.50184 1.50018 0.700324
2.13947 -3.50187 1.50017 0.700325
2.13947 -3.50188 1.50017 0.700325
2.13947 -3.50189 1.50017 0.700325
2.13947 -3.50189 1.50015 0.700324
2.13947 -3.50188 1.50011 0.700323
2.13947 -3.50188 1.5001 0.700322
2.13947 -3.50189 1.50008 0.70032
2.13947 -3.50189 1.50008 0.700319
2.13947 -3.50189 1.50009 0.700317
2.13947 -3.50188 1.50011 0.700316
2.13947 -3.50187 1.5001 0.700316
2.13947 -3.50186 1.50009 0.700316
2.13947 -3.50186 1.50008 0.700316
2.13947 -3.50186 1.50007 0.700316
2.13947 -3.50188 1.50005 0.700317
2.13947 -3.50189 1.50006 0.700317
2.13947 -3.5019 1.50006 0.700317
2.13947 -3.5019 1.50006 0.700318
2.13947 -3.50188 1.50007 0.700318
2.13947 -3.50186 1.50007 0.700319
2.13947 -3.50184 1.50007 0.70032
2.13947 -3.50184 1.50008 0.700321
2.13947 -3.50184 1.50011 0.700323
2.13947 -3.50185 1.50013 0.700326
2.13947 -3.50185 1.50016 0.70033
2.13947 -3.50184 1.50017 0.700333
2.13947 -3.50183 1.50016 0.700338
2.13947 -3.50183 1.50015 0.700342
2.13947 -3.50184 1.50014 0.700344
2.13947 -3.50186 1.50015 0.700348
2.13947 -3.50187 1.50016 0.70035
2.13947 -3.50187 1.50018 0.700354
2.13947 -3.50187 1.50019 0.700357
2.13947 -3.50186 1.50018 0.70036
2.13947 -3.50186 1.50016 0.700362
2.13947 -3.50186 1.50016 0.700364
2.13947 -3.50189 1.50015 0.700366
2.13947 -3.50191 1.50015 0.700368
2.13947 -3.50192 1.50015 0.700369
2.13947 -3.50192 1.50015 0.70037
2.13947 -3.50191 1.50015 0.700371
2.13947 -3.50191 1.50014 0.700373
2.13947 -3.50191 1.50012 0.700374
2.13947 -3.50191 1.5001 0.700374
2.13947 -3.50192 1.50009 0.700374
2.13947 -3.50192 1.50008 0.700374
2.13947 -3.50191 1.50007 0.700374
2.13947 -3.50189 1.50006 0.700373
2.13947 -3.50187 1.50005 0.700373
2.13947 -3.50092 1.49982 0.700454
2.13947 -3.49901 1.49941 0.700637
2.13947 -3.49636 1.49885 0.700925
2.13947 -3.49069 1.49771 0.701631
2.13947 -3.48368 1.49631 0.702654
2.13947 -3.4751 1.49464 0.704296
2.13947 -3.46694 1.49305 0.706188
2.13947 -3.45986 1.49168 0.707971
2.13947 -3.44372 1.48856 0.712315
2.13947 -3.43483 1.48686 0.715023
2.13947 -3.418 1.48368 0.720341
2.13947 -3.40583 1.48142 0.724411
2.13947 -3.38591 1.47774 0.730758
2.13947 -3.37165 1.47515 0.735391
2.13947 -3.34875 1.47115 0.743318
2.13947 -3.3325 1.46836 0.749446
2.13947 -3.30663 1.46404 0.758674
2.13947 -3.28852 1.46113 0.765726
2.13947 -3.26008 1.45674 0.777632
2.13947 -3.24023 1.45376 0.786139
2.13947 -3.20915 1.44915 0.800444
2.13947 -3.18754 1.44608 0.811562
2.13947 -3.15423 1.44154 0.83105
2.13947 -3.13093 1.43851 0.846165
2.13947 -3.10751 1.43569 0.862322
2.13947 -3.06936 1.43163 0.888819
2.13947 -3.05113 1.43006 0.903516
2.13947 -3.01944 1.42761 0.92908
2.13947 -3.00017 1.42622 0.946422
2.13947 -2.97093 1.42381 0.972909
2.13947 -2.95175 1.42216 0.990742
2.13947 -2.92177 1.41954 1.01839
2.13947 -2.90153 1.41804 1.0376
2.13947 -2.87555 1.41669 1.06658
2.13947 -2.85661 1.41578 1.08586
2.13947 -2.83101 1.41452 1.11537
2.13947 -2.81579 1.41377 1.13472
2.13947 -2.78944 1.41239 1.16346
2.13947 -2.7721 1.41152 1.18235
2.13947 -2.7472 1.41052 1.2105
2.13947 -2.73055 1.40996 1.22937
2.13947 -2.70535 1.40902 1.25791
2.13947 -2.69049 1.40841 1.27717
2.13947 -2.66931 1.40753 1.30677
2.13947 -2.65437 1.40703 1.32697
2.13947 -2.6297 1.40658 1.35707
2.13947 -2.61346 1.40655 1.37699
2.13947 -2.58801 1.40655 1.40613
2.13947 -2.57275 1.40652 1.42594
2.13947 -2.55054 1.40639 1.45554
2.13947 -2.53632 1.40623 1.47546
2.13947 -2.51261 1.40589 1.50447
2.13947 -2.49636 1.4057 1.52369
2.13947 -2.47194 1.4055 1.55358
2.13947 -2.45583 1.40543 1.57345
2.13947 -2.43191 1.40546 1.60361
2.13947 -2.41633 1.40558 1.62401
2.13947 -2.39329 1.40567 1.65381
2.13947 -2.37694 1.40571 1.67311
2.13947 -2.35234 1.40564 1.70242
2.13947 -2.3369 1.40559 1.72169
2.13947 -2.31286 1.40556 1.75062
2.13947 -2.29708 1.40551 1.76989
2.13947 -2.27336 1.40528 1.79961
2.13947 -2.25708 1.40516 1.81867
2.13947 -2.23294 1.40503 1.84778
2.13947 -2.21679 1.40497 1.8672
2.13947 -2.19028 1.40499 1.89832
2.13947 -2.17705 1.40504 1.91481
2.13947 -2.15367 1.40506 1.94337
2.13947 -2.14148 1.40509 1.96216
2.13947 -2.12898 1.40519 1.98996
2.13947 -2.12204 1.40527 2.00807
2.13947 -2.11185 1.40537 2.03453
2.13947 -2.10598 1.40543 2.05147
2.13947 -2.10045 1.40537 2.07108
2.13947 -2.09457 1.40517 2.09499
2.13947 -2.08897 1.40501 2.11657
2.13947 -2.07333 1.40491 2.14231
2.13947 -2.05462 1.40482 2.16517
2.13947 -2.03861 1.40481 2.18331
2.13947 -2.01421 1.40489 2.21005
2.13947 -1.99789 1.40492 2.22767
2.13947 -1.97452 1.40497 2.25511
2.13947 -1.95736 1.40504 2.27397
2.13947 -1.92427 1.40523 2.30194
2.13947 -1.90762 1.40539 2.32045
2.13947 -1.89165 1.4056 2.34745
2.13947 -1.88566 1.40571 2.36501
2.13947 -1.87034 1.40589 2.39188
2.13947 -1.8566 1.40603 2.40934
2.13947 -1.83209 1.40632 2.43521
2.13947 -1.81585 1.4065 2.45245
2.13947 -1.79461 1.40666 2.47658
2.13947 -1.7849 1.40671 2.49189
2.13947 -1.77367 1.40676 2.51442
2.13947 -1.7659 1.40678 2.52835
2.13947 -1.74707 1.40683 2.54841
2.13947 -1.72932 1.40678 2.56117
2.13947 -1.70785 1.4068 2.58031
2.13947 -1.69596 1.40697 2.59271
2.13947 -1.67753 1.40771 2.612
2.13947 -1.66297 1.40949 2.62634
2.13947 -1.63784 1.41463 2.64864
2.13947 -1.61774 1.41898 2.66357
2.13947 -1.58511 1.42589 2.68428
2.13947 -1.56279 1.43004 2.69851
2.13947 -1.5424 1.4332 2.71289
2.13947 -1.51086 1.43773 2.7349
2.13947 -1.48143 1.44161 2.7575
2.13947 -1.46207 1.44358 2.77226
2.13947 -1.43173 1.44626 2.79448
2.13947 -1.41008 1.44803 2.8088
2.13947 -1.3868 1.44978 2.82257
2.13947 -1.35114 1.45217 2.84202
2.13947 -1.32685 1.45378 2.85369
2.13947 -1.28937 1.45622 2.87009
2.13947 -1.26377 1.45769 2.88018
2.13947 -1.22428 1.45956 2.89401
2.13947 -1.19753 1.46052 2.9028
2.13947 -1.15673 1.46152 2.91437
2.13947 -1.12923 1.46186 2.92053
2.13947 -1.08756 1.46208 2.92824
2.13947 -1.05957 1.46203 2.93279
2.13947 -1.01714 1.46163 2.93922
2.13947 -0.984987 1.46094 2.9437
2.13947 -0.941702 1.45961 2.94902
2.13947 -0.912769 1.45928 2.95224
2.13947 -0.866406 1.45977 2.957
2.13947 -0.838653 1.46015 2.95973
2.13947 -0.811709 1.46076 2.96228
2.13947 -0.772873 1.46241 2.96581
2.13947 -0.74806 1.46378 2.96786
2.13947 -0.712478 1.46607 2.97067
2.13947 -0.690011 1.46759 2.97236
2.13947 -0.658019 1.46988 2.97488
2.13947 -0.637829 1.47128 2.97642
2.13947 -0.609338 1.47319 2.97856
2.13947 -0.591352 1.47435 2.97978
2.13947 -0.565447 1.47589 2.98126
2.13947 -0.54831 1.47675 2.98187
2.13947 -0.522147 1.47784 2.9822
2.13947 -0.504098 1.47855 2.98193
2.13947 -0.475666 1.4797 2.98117
2.13947 -0.455716 1.48058 2.98051
2.13947 -0.426018 1.482 2.97941
2.13947 -0.406781 1.48294 2.97885
2.13947 -0.376526 1.48441 2.97831
2.13947 -0.3562 1.48536 2.97825
2.13947 -0.337976 1.48595 2.97835
2.13947 -0.309096 1.48604 2.97861
2.13947 -0.28871 1.48565 2.97884
2.13947 -0.256313 1.48446 2.97925
2.13947 -0.233577 1.48332 2.97953
2.13947 -0.194862 1.48099 2.97998
2.13947 -0.169804 1.47925 2.98023
2.13947 -0.130581 1.47609 2.98061
2.13947 -0.103267 1.4736 2.98086
2.13947 -0.0606479 1.46931 2.98127
2.13947 -0.0311006 1.46609 2.98155
2.13947 -0.00058993 1.46261 2.98185
2.13947 0.0425002 1.45767 2.98225
2.13947 0.0901178 1.45256 2.98267
2.13947 0.121919 1.44947 2.98293
2.13947 0.173617 1.44487 2.98337
2.13947 0.213394 1.44157 2.98371
2.13947 0.245227 1.4391 2.98398
2.13947 0.292978 1.43553 2.98438
2.13947 0.324825 1.43336 2.98464
2.13947 0.37262 1.43037 2.98503
2.13947 0.404496 1.42852 2.98527
2.13947 0.452324 1.4259 2.98562
2.13947 0.484222 1.42433 2.98586
2.13947 0.516132 1.42284 2.9861
2.13947 0.564027 1.42076 2.98646
2.13947 0.61196 1.41891 2.98682
2.13947 0.643931 1.41773 2.98706
2.13947 0.675904 1.4166 2.98732
2.13947 0.72388 1.41504 2.9877
2.13947 0.771865 1.41358 2.98807
2.13947 0.803854 1.41268 2.98831
2.13947 0.835847 1.41184 2.98853
2.13947 0.883837 1.41068 2.98885
2.13947 0.931822 1.40962 2.98915
2.13947 0.963785 1.40897 2.98935
2.13947 1.01055 1.408 2.98963
2.13947 1.0406 1.4073 2.98981
2.13947 1.08485 1.4047 2.99005
2.13947 1.11491 1.40156 2.99015
2.13947 1.16068 1.395 2.99013
2.13947 1.19139 1.38918 2.98999
2.13947 1.23746 1.37888 2.9896
2.13947 1.26803 1.37088 2.98923
2.13947 1.31363 1.35757 2.98848
2.13947 1.34368 1.34745 2.98787
2.13947 1.3883 1.33099 2.98676
2.13947 1.41755 1.31874 2.98586
2.13947 1.44643 1.30563 2.98478
2.13947 1.48911 1.28463 2.98288
2.13947 1.51713 1.26978 2.98146
2.13947 1.55808 1.24679 2.97907
2.13947 1.58475 1.23237 2.97751
2.13947 1.62357 1.21195 2.97488
2.13947 1.64906 1.19795 2.97289
2.13947 1.68756 1.17608 2.96976
2.13947 1.7136 1.16133 2.96741
2.13947 1.75322 1.13953 2.96326
2.13947 1.78007 1.12572 2.9602
2.13947 1.82096 1.10651 2.9543
2.13947 1.84849 1.09441 2.94977
2.13947 1.89006 1.07728 2.94198
2.13947 1.91786 1.06634 2.93637
2.13947 1.95958 1.05099 2.92705
2.13947 1.98743 1.04152 2.92028
2.13947 2.0293 1.02842 2.9091
2.13947 2.05718 1.02057 2.90085
2.13947 2.09895 1.01048 2.88687
2.13947 2.1267 1.00455 2.87647
2.13947 2.16794 0.997282 2.85975
2.13947 2.19859 0.992943 2.84694
2.13947 2.23831 0.989127 2.82647
2.13947 2.26786 0.986984 2.8109
2.13947 2.29235 0.98626 2.79667
2.13947 2.32967 0.986573 2.77552
2.13947 2.35154 0.988515 2.76129
2.13947 2.38454 0.992295 2.73891
2.13947 2.40488 0.996069 2.72351
2.13947 2.43463 1.00281 2.69942
2.13947 2.45335 1.00805 2.6835
2.13947 2.47973 1.01718 2.65888
2.13947 2.49655 1.02471 2.64188
2.13947 2.51756 1.03683 2.61575
2.13947 2.5339 1.04808 2.59264
2.13947 2.5447 1.0561 2.57583
2.13947 2.56311 1.07097 2.54273
2.13947 2.57482 1.07787 2.52453
2.13947 2.58937 1.08497 2.50601
2.13947 2.61141 1.09523 2.47775
2.13947 2.63236 1.10519 2.44918
2.13947 2.64605 1.11182 2.43003
2.13947 2.66583 1.12175 2.40154
2.13947 2.6796 1.12774 2.38244
2.13947 2.70088 1.1356 2.35418
2.13947 2.71684 1.14113 2.33569
2.13947 2.73906 1.14886 2.30693
2.13947 2.75413 1.154 2.28841
2.13947 2.77651 1.16179 2.26072
2.13947 2.79156 1.16689 2.24154
2.13947 2.81456 1.17395 2.21248
2.13947 2.82967 1.17817 2.1932
2.13947 2.84613 1.18277 2.17436
2.13947 2.86972 1.18915 2.14642
2.13947 2.89349 1.19585 2.11879
2.13947 2.90771 1.1999 2.10015
2.13947 2.9321 1.20674 2.07254
2.13947 2.94807 1.21095 2.05424
2.13947 2.97184 1.21682 2.02731
2.13947 2.98791 1.22065 2.00889
2.13947 3.00425 1.22461 1.99029
2.13947 3.02785 1.23037 1.96222
2.13947 3.04461 1.23452 1.94397
2.13947 3.06694 1.23983 1.91632
2.13947 3.09228 1.24563 1.88833
2.13947 3.10803 1.24912 1.86953
2.13947 3.13229 1.25459 1.84124
2.13947 3.14819 1.25828 1.82225
2.13947 3.16562 1.26237 1.80357
2.13947 3.19019 1.26798 1.77483
2.13947 3.20678 1.2717 1.75515
2.13947 3.2323 1.27707 1.72385
2.13947 3.24596 1.27998 1.70715
2.13947 3.27023 1.28533 1.67806
2.13947 3.28742 1.2892 1.65963
2.13947 3.31496 1.29544 1.62937
2.13947 3.32956 1.29876 1.61288
2.13947 3.35428 1.3042 1.5842
2.13947 3.37121 1.30786 1.56542
2.13947 3.394 1.31276 1.53689
2.13947 3.41148 1.31657 1.51771
2.13947 3.43747 1.32221 1.48942
2.13947 3.45399 1.32581 1.47074
2.13947 3.47113 1.32952 1.45206
2.13947 3.49701 1.33501 1.42319
2.13947 3.5199 1.33985 1.39417
2.13947 3.5366 1.34343 1.37506
2.13947 3.56182 1.34883 1.34543
2.13947 3.58002 1.35269 1.32566
2.13947 3.60461 1.35782 1.29629
2.13947 3.62023 1.3611 1.27654
2.13947 3.63922 1.36526 1.24841
2.13947 3.65187 1.36816 1.23046
2.13947 3.66902 1.37208 1.20382
2.13947 3.68208 1.37495 1.18675
2.13947 3.70113 1.37902 1.16297
2.13947 3.71395 1.38168 1.14821
2.13947 3.72818 1.38462 1.1288
2.13947 3.7367 1.38644 1.11655
2.13947 3.74889 1.38918 1.0992
2.13947 3.75715 1.39106 1.08838
2.13947 3.76897 1.39373 1.07295
2.13947 3.77721 1.39551 1.06303
2.13947 3.7884 1.39782 1.04802
2.13947 3.79443 1.39908 1.03867
2.13947 3.79812 1.39988 1.0317
2.13947 3.80378 1.40113 1.02071
2.13947 3.80773 1.40203 1.0141
2.13947 3.81321 1.40325 1.00512
2.13947 3.81641 1.40393 0.999988
2.13947 3.82022 1.40466 0.993658
2.13947 3.82149 1.40488 0.990038
2.13947 3.82225 1.40501 0.98522
2.13947 3.82207 1.40497 0.982708
2.13947 3.82115 1.40482 0.980127
2.13947 3.82063 1.40472 0.978963
2.13947 3.82053 1.40467 0.977241
2.13947 3.8209 1.40474 0.976102
2.13947 3.82139 1.40484 0.976054
2.13947 3.82171 1.4049 0.975953
2.13947 3.82162 1.40489 0.975873
2.13947 3.82125 1.40483 0.975836
2.13947 3.82078 1.40475 0.97578
2.13947 3.82063 1.4047 0.975743
2.13947 3.8208 1.40471 0.975658
2.13947 3.82109 1.40476 0.97561
2.13947 3.82136 1.40482 0.975557
2.13947 3.82134 1.40484 0.975533
2.13947 3.82106 1.40482 0.97551
2.13947 3.82084 1.40478 0.975499
2.13947 3.8207 1.40472 0.975487
2.13947 3.82076 1.40471 0.975482
2.13947 3.82093 1.40473 0.975476
2.13947 3.82112 1.40476 0.97547
2.13947 3.82112 1.40477 0.975465
2.13947 3.82099 1.40476 0.975461
2.13947 3.82085 1.40473 0.975458
2.13947 3.82072 1.40469 0.975455
2.13947 3.82073 1.40467 0.975425
2.13947 3.82042 1.40453 0.974998
2.13947 3.81986 1.40433 0.974098
2.13947 3.81866 1.40392 0.971613
2.13947 3.81774 1.40365 0.969252
2.13947 3.81625 1.40324 0.964677
2.13947 3.81519 1.40296 0.960905
2.13947 3.81357 1.40253 0.954351
2.13947 3.81238 1.40224 0.949505
2.13947 3.81039 1.40177 0.941006
2.13947 3.80929 1.40155 0.934896
2.13947 3.80796 1.40136 0.925321
2.13947 3.80724 1.40129 0.91883
2.13947 3.80636 1.40126 0.909063
2.13947 3.80582 1.40123 0.902683
2.13947 3.80493 1.40114 0.893305
2.13947 3.80436 1.40109 0.887045
2.13947 3.80368 1.40106 0.877526
2.13947 3.80341 1.40107 0.87141
2.13947 3.80305 1.40111 0.862836
2.13947 3.80282 1.40113 0.85736
2.13947 3.80239 1.40104 0.849273
2.13947 3.80208 1.40095 0.843986
2.13947 3.80163 1.40083 0.836473
2.13947 3.80144 1.40074 0.831649
2.13947 3.80125 1.40061 0.824658
2.13947 3.80114 1.4005 0.818768
2.13947 3.80102 1.4004 0.814161
2.13947 3.80088 1.40028 0.810148
2.13947 3.80065 1.40013 0.804259
2.13947 3.80056 1.40007 0.800548
2.13947 3.80043 1.4 0.795034
2.13947 3.80037 1.39997 0.791521
2.13947 3.8003 1.39994 0.786429
2.13947 3.80027 1.39996 0.783235
2.13947 3.80016 1.39997 0.778587
2.13947 3.8001 1.39998 0.775622
2.13947 3.80005 1.39997 0.771362
2.13947 3.8 1.39995 0.768638
2.13947 3.79993 1.39993 0.764801
2.13947 3.79989 1.39994 0.762336
2.13947 3.79981 1.39994 0.758834
2.13947 3.79976 1.39994 0.756578
2.13947 3.79971 1.39993 0.754117
2.13947 3.79969 1.3999 0.751053
2.13947 3.79969 1.39987 0.748739
2.13947 3.7997 1.39987 0.745993
2.13947 3.7997 1.39988 0.74408
2.13947 3.79967 1.39988 0.741326
2.13947 3.79965 1.39987 0.739517
2.13947 3.79965 1.39986 0.737038
2.13947 3.79966 1.39985 0.735454
2.13947 3.79966 1.39987 0.733303
2.13947 3.79965 1.39988 0.731937
2.13947 3.79965 1.39989 0.730022
2.13947 3.79966 1.39987 0.728798
2.13947 3.7997 1.39985 0.727055
2.13947 3.79974 1.39984 0.72598
2.13947 3.79979 1.39984 0.724507
2.13947 3.79982 1.39984 0.723577
2.13947 3.79984 1.39985 0.722235
2.13947 3.79983 1.39985 0.721339
2.13947 3.79983 1.39984 0.720084
2.13947 3.79984 1.39984 0.719292
2.13947 3.79988 1.39985 0.718181
2.13947 3.7999 1.39986 0.717483
2.13947 3.79994 1.3999 0.716502
2.13947 3.79994 1.39992 0.715868
2.13947 3.79992 1.39995 0.714963
2.13947 3.7999 1.39997 0.714401
2.13947 3.79988 1.39998 0.713587
2.13947 3.79987 1.39998 0.713091
2.13947 3.79986 1.39998 0.712364
2.13947 3.79986 1.39996 0.711896
2.13947 3.79985 1.39992 0.711241
2.13947 3.79984 1.39989 0.710831
2.13947 3.79982 1.39987 0.710196
2.13947 3.79982 1.39987 0.709876
2.13947 3.79982 1.39986 0.709512
2.13947 3.79982 1.39984 0.708928
2.13947 3.79981 1.39982 0.70858
2.13947 3.79982 1.39982 0.708035
2.13947 3.79982 1.39984 0.707714
2.13947 3.79984 1.3999 0.707259
2.13947 3.79984 1.39993 0.70697
2.13947 3.79984 1.39996 0.706572
2.13947 3.79984 1.39996 0.706319
2.13947 3.79985 1.39997 0.706077
2.13947 3.79984 1.39999 0.70572
2.13947 3.79984 1.40002 0.705469
2.13947 3.79983 1.40006 0.705132
2.13947 3.79982 1.40006 0.704943
2.13947 3.7998 1.40004 0.704676
2.13947 3.79978 1.40001 0.704491
2.13947 3.79977 1.4 0.70433
2.13947 3.79977 1.4 0.704159
2.13947 3.79977 1.40003 0.703927
2.13947 3.79976 1.40005 0.703776
2.13947 3.79972 1.40008 0.703531
2.13947 3.79971 1.40007 0.703398
2.13947 3.79971 1.40006 0.703272
2.13947 3.79972 1.40003 0.703065
2.13947 3.79972 1.40003 0.702971
2.13947 3.79972 1.40003 0.702814
2.13947 3.79971 1.40003 0.702701
2.13947 3.7997 1.40002 0.702562
2.13947 3.7997 1.4 0.702473
2.13947 3.7997 1.39999 0.70234
2.13947 3.7997 1.39999 0.702251
2.13947 3.79972 1.4 0.702123
2.13947 3.79973 1.4 0.702038
2.13947 3.79974 1.39998 0.701909
2.13947 3.79975 1.39997 0.701824
2.13947 3.79977 1.39995 0.701697
2.13947 3.79978 1.39994 0.701615
2.13947 3.79978 1.39994 0.701489
2.13947 3.79978 1.39993 0.701405
2.13947 3.79961 1.39994 0.701329
2.13947 3.79881 1.40014 0.701364
2.13947 3.79578 1.40097 0.701545
2.13947 3.79269 1.40184 0.701742
2.13947 3.78627 1.40366 0.702207
2.13947 3.7808 1.40522 0.702739
2.13947 3.77104 1.40801 0.703992
2.13947 3.76342 1.41019 0.705049
2.13947 3.75496 1.4126 0.706303
2.13947 3.74049 1.41671 0.708623
2.13947 3.72409 1.42134 0.711567
2.13947 3.71207 1.42472 0.713967
2.13947 3.69232 1.43026 0.717991
2.13947 3.67801 1.43427 0.720794
2.13947 3.65497 1.44072 0.725613
2.13947 3.63856 1.44532 0.729172
2.13947 3.61231 1.45267 0.735337
2.13947 3.59375 1.45787 0.739925
2.13947 3.5643 1.46614 0.747199
2.13947 3.54352 1.47195 0.752579
2.13947 3.51094 1.48104 0.762148
2.13947 3.48825 1.48736 0.769263
2.13947 3.45265 1.49725 0.78026
2.13947 3.42809 1.50399 0.788194
2.13947 3.39315 1.51352 0.799327
2.13947 3.35732 1.52315 0.811594
2.13947 3.33067 1.53019 0.821322
2.13947 3.29037 1.54063 0.837791
2.13947 3.26386 1.54735 0.850141
2.13947 3.22503 1.55711 0.871793
2.13947 3.19913 1.56376 0.886638
2.13947 3.17429 1.57023 0.901648
2.13947 3.14044 1.57912 0.924762
2.13947 3.11577 1.58561 0.940693
2.13947 3.08578 1.59349 0.964808
2.13947 3.06555 1.59874 0.981277
2.13947 3.02981 1.60768 1.00701
2.13947 3.00732 1.61321 1.02425
2.13947 2.97681 1.62068 1.04982
2.13947 2.95763 1.62543 1.06637
2.13947 2.92852 1.63263 1.09124
2.13947 2.91022 1.63708 1.10797
2.13947 2.88329 1.64359 1.1334
2.13947 2.85181 1.65115 1.16243
2.13947 2.83205 1.6559 1.18318
2.13947 2.81505 1.65994 1.20208
2.13947 2.78904 1.66607 1.23041
2.13947 2.77199 1.67008 1.24925
2.13947 2.74963 1.67534 1.27747
2.13947 2.73322 1.67921 1.29613
2.13947 2.71073 1.68453 1.32395
2.13947 2.69493 1.68825 1.34263
2.13947 2.67168 1.69366 1.37138
2.13947 2.657 1.69695 1.3907
2.13947 2.64357 1.6999 1.41024
2.13947 2.62187 1.70476 1.43972
2.13947 2.60504 1.70862 1.461
2.13947 2.58548 1.71328 1.48634
2.13947 2.56874 1.71736 1.50778
2.13947 2.54904 1.72218 1.53472
2.13947 2.53408 1.72571 1.55416
2.13947 2.51391 1.73037 1.58314
2.13947 2.49692 1.73423 1.60479
2.13947 2.47519 1.73915 1.6333
2.13947 2.46049 1.74247 1.65221
2.13947 2.43819 1.74752 1.68022
2.13947 2.42331 1.75085 1.69913
2.13947 2.40824 1.75413 1.71832
2.13947 2.3853 1.75904 1.74724
2.13947 2.37008 1.76236 1.7666
2.13947 2.34574 1.76801 1.80114
2.13947 2.33289 1.77118 1.82132
2.13947 2.3106 1.7766 1.85117
2.13947 2.29694 1.77988 1.87083
2.13947 2.27594 1.78479 1.89952
2.13947 2.25881 1.7887 1.91943
2.13947 2.23435 1.79418 1.95229
2.13947 2.22124 1.79713 1.97252
2.13947 2.2069 1.80043 1.99225
2.13947 2.18517 1.8054 2.02027
2.13947 2.17031 1.80874 2.03895
2.13947 2.14779 1.81381 2.06738
2.13947 2.13175 1.81746 2.08632
2.13947 2.10969 1.8225 2.11484
2.13947 2.09546 1.82584 2.13453
2.13947 2.07263 1.83111 2.16439
2.13947 2.05816 1.83433 2.1841
2.13947 2.03684 1.83902 2.2139
2.13947 2.02185 1.84228 2.23363
2.13947 1.99738 1.84761 2.26283
2.13947 1.983 1.85077 2.28084
2.13947 1.95952 1.85602 2.30775
2.13947 1.94467 1.85933 2.32548
2.13947 1.92191 1.86444 2.35319
2.13947 1.90697 1.86782 2.37195
2.13947 1.88292 1.87325 2.40012
2.13947 1.86807 1.87663 2.41884
2.13947 1.84882 1.88091 2.4455
2.13947 1.83708 1.88338 2.46296
2.13947 1.81805 1.88507 2.48934
2.13947 1.80152 1.88531 2.50765
2.13947 1.77274 1.88305 2.53591
2.13947 1.75319 1.87951 2.5557
2.13947 1.7228 1.8712 2.58568
2.13947 1.70481 1.86467 2.60591
2.13947 1.67776 1.85556 2.63649
2.13947 1.66065 1.85193 2.65651
2.13947 1.63144 1.84958 2.68587
2.13947 1.61226 1.84866 2.70492
2.13947 1.57868 1.84575 2.7335
2.13947 1.55461 1.84181 2.75229
2.13947 1.52196 1.83397 2.78004
2.13947 1.50012 1.82791 2.79831
2.13947 1.46714 1.81998 2.82452
2.13947 1.4468 1.81334 2.84089
2.13947 1.41329 1.7991 2.86331
2.13947 1.38994 1.78737 2.87723
2.13947 1.35265 1.76821 2.89674
2.13947 1.3271 1.75604 2.90886
2.13947 1.28845 1.74135 2.92511
2.13947 1.26387 1.73386 2.93519
2.13947 1.2253 1.72089 2.94892
2.13947 1.20084 1.70971 2.95729
2.13947 1.16625 1.68816 2.96828
2.13947 1.14224 1.67398 2.9752
2.13947 1.12248 1.66641 2.97998
2.13947 1.08546 1.66098 2.98805
2.13947 1.0679 1.66096 2.99132
2.13947 1.04082 1.65692 2.99597
2.13947 1.02376 1.64955 2.99851
2.13947 1.00313 1.6329 3.00165
2.13947 0.990215 1.62249 3.00337
2.13947 0.972178 1.61693 3.0055
2.13947 0.95824 1.61866 3.00661
2.13947 0.94026 1.62524 3.00788
2.13947 0.930081 1.62878 3.00847
2.13947 0.91678 1.63039 3.00906
2.13947 0.909922 1.62771 3.00926
2.13947 0.902713 1.6262 3.00935
2.13947 0.898579 1.62871 3.00926
2.13947 0.893784 1.63782 3.00898
2.13947 0.891616 1.64459 3.0087
2.13947 0.889103 1.64941 3.0082
2.13947 0.88688 1.64894 3.00782
2.13947 0.885448 1.64543 3.00721
2.13947 0.886519 1.64638 3.00679
2.13947 0.891406 1.65571 3.00614
2.13947 0.893929 1.667 3.00572
2.13947 0.889354 1.68314 3.00511
2.13947 0.88239 1.68703 3.00471
2.13947 0.870878 1.68361 3.00413
2.13947 0.869778 1.67816 3.00376
2.13947 0.878922 1.67492 3.00325
2.13947 0.889454 1.67819 3.00293
2.13947 0.905371 1.68772 3.00248
2.13947 0.908876 1.69318 3.00221
2.13947 0.901795 1.69416 3.00183
2.13947 0.899053 1.69257 3.00159
2.13947 0.905672 1.6924 3.00127
2.13947 0.910667 1.69393 3.00108
2.13947 0.922139 1.69885 3.00083
2.13947 0.934708 1.70562 3.00069
2.13947 0.951598 1.7155 3.00051
2.13947 0.960138 1.71921 3.00041
2.13947 0.97543 1.72171 3.00028
2.13947 0.983694 1.72105 3.0002
2.13947 0.999566 1.72116 3.00011
2.13947 1.01446 1.72539 3.00006
2.13947 1.03337 1.73241 3.00001
2.13947 1.05677 1.74134 2.99996
2.13947 1.06787 1.74334 2.99993
2.13947 1.0911 1.74206 2.9999
2.13947 1.10847 1.74045 2.99989
2.13947 1.13765 1.74058 2.99987
2.13947 1.16091 1.74402 2.99987
2.13947 1.19625 1.75175 2.99986
2.13947 1.21228 1.75506 2.99987
2.13947 1.22498 1.75396 2.99987
2.13947 1.2318 1.75042 2.99988
2.13947 1.24556 1.74179 2.99988
2.13947 1.2558 1.73632 2.99989
2.13947 1.27387 1.72908 2.9999
2.13947 1.28851 1.72373 2.99991
2.13947 1.30374 1.71123 2.99992
2.13947 1.31162 1.70028 2.99993
2.13947 1.32221 1.6812 2.99994
2.13947 1.32999 1.66608 2.99995
2.13947 1.34038 1.64377 2.99995
2.13947 1.34716 1.62993 2.99996
2.13947 1.35664 1.60652 2.99997
2.13947 1.36173 1.5871 2.99997
2.13947 1.36527 1.5659 2.99998
2.13947 1.36997 1.53747 2.99998
2.13947 1.37331 1.51562 2.99998
2.13947 1.3764 1.48197 2.99999
2.13947 1.37827 1.45778 2.99999
2.13947 1.37848 1.42358 2.99999
2.13947 1.3767 1.3992 3
2.13947 1.37091 1.36324 3
2.13947 1.36649 1.33717 3
2.13947 1.3582 1.29843 3
2.13947 1.35193 1.27194 3.00001
2.13947 1.34048 1.23276 3.00001
2.13947 1.3321 1.20695 3.00001
2.13947 1.31703 1.16937 3.00001
2.13947 1.3062 1.14483 3.00002
2.13947 1.28795 1.10914 3.00002
2.13947 1.27501 1.08578 3.00002
2.13947 1.25402 1.05165 3.00002
2.13947 1.23949 1.02922 3.00002
2.13947 1.21603 0.996691 3.00002
2.13947 1.19971 0.975449 3.00002
2.13947 1.17369 0.94465 3.00002
2.13947 1.15567 0.924547 3.00002
2.13947 1.12718 0.895483 3.00003
2.13947 1.10756 0.876562 3.00003
2.13947 1.07675 0.849339 3.00003
2.13947 1.05554 0.831781 3.00003
2.13947 1.02239 0.806871 3.00004
2.13947 0.999628 0.791098 3.00004
2.13947 0.964451 0.769228 3.00005
2.13947 0.940809 0.755457 3.00005
2.13947 0.905433 0.736578 3.00005
2.13947 0.882434 0.724722 3.00005
2.13947 0.848739 0.708591 3.00005
2.13947 0.826921 0.698726 3.00005
2.13947 0.794944 0.685649 3.00005
2.13947 0.774123 0.678259 3.00005
2.13947 0.743255 0.669308 3.00005
2.13947 0.722706 0.664673 3.00005
2.13947 0.701825 0.661076 3.00005
2.13947 0.669647 0.656364 3.00005
2.13947 0.636076 0.652797 3.00005
2.13947 0.612881 0.650951 3.00005
2.13947 0.57688 0.649151 3.00005
2.13947 0.552025 0.648622 3.00005
2.13947 0.513552 0.649259 3.00005
2.13947 0.48707 0.650445 3.00005
2.13947 0.446116 0.653565 3.00005
2.13947 0.418022 0.656341 3.00006
2.13947 0.374584 0.661561 3.00006
2.13947 0.344792 0.665711 3.00006
2.13947 0.29881 0.673135 3.00006
2.13947 0.267575 0.678582 3.00007
2.13947 0.220271 0.686409 3.00007
2.13947 0.188643 0.691254 3.00007
2.13947 0.141144 0.698205 3.00007
2.13947 0.105498 0.703324 3.00006
2.13947 0.0698554 0.708535 3.00004
2.13947 0.0263233 0.715123 2.99999
2.13947 -0.00531137 0.72006 2.99993
2.13947 -0.052755 0.727524 2.99977
2.13947 -0.0843915 0.732486 2.99963
2.13947 -0.13187 0.739891 2.99935
2.13947 -0.163528 0.74484 2.99912
2.13947 -0.21101 0.752336 2.99871
2.13947 -0.242663 0.757397 2.99835
2.13947 -0.278269 0.763142 2.9978
2.13947 -0.32573 0.770844 2.99686
2.13947 -0.357366 0.77599 2.99614
2.13947 -0.404823 0.783704 2.99485
2.13947 -0.436466 0.788843 2.99393
2.13947 -0.483921 0.796583 2.99248
2.13947 -0.515542 0.801776 2.9915
2.13947 -0.562957 0.809608 2.98979
2.13947 -0.594567 0.814847 2.98856
2.13947 -0.641982 0.82272 2.98662
2.13947 -0.673579 0.827989 2.98518
2.13947 -0.720952 0.835917 2.9828
2.13947 -0.752523 0.841208 2.98124
2.13947 -0.799873 0.849159 2.97886
2.13947 -0.84721 0.857105 2.97646
2.13947 -0.87876 0.862392 2.97483
2.13947 -0.910295 0.867689 2.97308
2.13947 -0.957577 0.875662 2.97039
2.13947 -0.98908 0.880997 2.96843
2.13947 -1.03632 0.889017 2.96552
2.13947 -1.06781 0.894364 2.9635
2.13947 -1.10323 0.900384 2.96118
2.13947 -1.15435 0.909121 2.95755
2.13947 -1.1897 0.915203 2.95496
2.13947 -1.22081 0.920466 2.95274
2.13947 -1.26669 0.927954 2.94976
2.13947 -1.29679 0.932698 2.94793
2.13947 -1.34159 0.939769 2.94517
2.13947 -1.37163 0.944765 2.94314
2.13947 -1.41707 0.952669 2.93966
2.13947 -1.4514 0.958822 2.93674
2.13947 -1.49356 0.96648 2.93267
2.13947 -1.52811 0.972785 2.92883
2.13947 -1.5626 0.979151 2.92435
2.13947 -1.61238 0.988492 2.91807
2.13947 -1.64282 0.994394 2.91356
2.13947 -1.68825 1.00343 2.90585
2.13947 -1.71831 1.0095 2.90004
2.13947 -1.76302 1.01865 2.8902
2.13947 -1.79257 1.02481 2.88294
2.13947 -1.83642 1.03415 2.87016
2.13947 -1.86513 1.04048 2.86065
2.13947 -1.90758 1.05014 2.84462
2.13947 -1.93511 1.05658 2.83216
2.13947 -1.97542 1.06616 2.81192
2.13947 -2.00077 1.07239 2.79742
2.13947 -2.03863 1.08161 2.7756
2.13947 -2.06089 1.08724 2.7603
2.13947 -2.096 1.09649 2.73609
2.13947 -2.11366 1.10153 2.71948
2.13947 -2.1416 1.10954 2.69383
2.13947 -2.15864 1.1146 2.6768
2.13947 -2.18306 1.12181 2.65033
2.13947 -2.19878 1.12632 2.6324
2.13947 -2.21565 1.13102 2.61413
2.13947 -2.2418 1.13825 2.58668
2.13947 -2.25832 1.1428 2.56841
2.13947 -2.28262 1.1496 2.54102
2.13947 -2.299 1.15443 2.52325
2.13947 -2.32186 1.1612 2.49602
2.13947 -2.33817 1.16584 2.47761
2.13947 -2.36153 1.17238 2.44872
2.13947 -2.37807 1.17712 2.42912
2.13947 -2.40305 1.18423 2.39801
2.13947 -2.41969 1.18903 2.37885
2.13947 -2.44214 1.19565 2.35008
2.13947 -2.45789 1.20035 2.33052
2.13947 -2.48095 1.20706 2.30061
2.13947 -2.49759 1.21172 2.28038
2.13947 -2.52133 1.21813 2.25036
2.13947 -2.53716 1.22236 2.23028
2.13947 -2.55479 1.22717 2.21093
2.13947 -2.5773 1.23333 2.18254
2.13947 -2.5934 1.23786 2.1634
2.13947 -2.61675 1.24451 2.13551
2.13947 -2.63309 1.24907 2.11719
2.13947 -2.65917 1.256 2.08657
2.13947 -2.67653 1.26062 2.06787
2.13947 -2.69964 1.26675 2.03954
2.13947 -2.7162 1.27119 2.02006
2.13947 -2.73934 1.27735 1.99083
2.13947 -2.7556 1.28165 1.97137
2.13947 -2.77882 1.28765 1.94174
2.13947 -2.79457 1.29174 1.92157
2.13947 -2.81176 1.29621 1.89851
2.13947 -2.8373 1.30289 1.86565
2.13947 -2.86102 1.30928 1.83554
2.13947 -2.87778 1.31389 1.81547
2.13947 -2.89403 1.31847 1.79588
2.13947 -2.91832 1.32538 1.76671
2.13947 -2.93367 1.32971 1.74807
2.13947 -2.95688 1.33609 1.72064
2.13947 -2.974 1.34075 1.70214
2.13947 -2.99662 1.34702 1.67417
2.13947 -3.01245 1.35153 1.65558
2.13947 -3.03679 1.35862 1.62742
2.13947 -3.05341 1.36342 1.60785
2.13947 -3.07633 1.36976 1.57848
2.13947 -3.09288 1.37415 1.55886
2.13947 -3.11099 1.3788 1.53688
2.13947 -3.13625 1.38526 1.506
2.13947 -3.15248 1.38955 1.48684
2.13947 -3.17082 1.39461 1.46601
2.13947 -3.19405 1.40122 1.43837
2.13947 -3.21102 1.40592 1.41968
2.13947 -3.23516 1.41231 1.3919
2.13947 -3.25118 1.41647 1.37328
2.13947 -3.27569 1.42293 1.34445
2.13947 -3.29804 1.42918 1.31806
2.13947 -3.31526 1.43436 1.29655
2.13947 -3.33122 1.43921 1.27746
2.13947 -3.3508 1.44505 1.24922
2.13947 -3.36363 1.44872 1.23057
2.13947 -3.37986 1.45325 1.20368
2.13947 -3.39281 1.45684 1.18648
2.13947 -3.4056 1.46048 1.17019
2.13947 -3.42247 1.46536 1.14733
2.13947 -3.43801 1.46981 1.12651
2.13947 -3.44789 1.47262 1.11338
2.13947 -3.45967 1.47601 1.09563
2.13947 -3.46768 1.47828 1.08481
2.13947 -3.47905 1.48145 1.06897
2.13947 -3.48689 1.48364 1.05897
2.13947 -3.49727 1.48656 1.04513
2.13947 -3.50452 1.48862 1.03509
2.13947 -3.51008 1.49026 1.02476
2.13947 -3.51543 1.49183 1.01589
2.13947 -3.52065 1.4933 1.00504
2.13947 -3.52417 1.49427 0.998246
2.13947 -3.52706 1.49506 0.992162
2.13947 -3.53137 1.49623 0.984307
2.13947 -3.53367 1.49687 0.979587
2.13947 -3.53537 1.49738 0.973532
2.13947 -3.53563 1.49748 0.97026
2.13947 -3.53512 1.49736 0.966217
2.13947 -3.53444 1.49716 0.96464
2.13947 -3.53396 1.49702 0.962452
2.13947 -3.53395 1.49702 0.96115
2.13947 -3.53443 1.49715 0.959685
2.13947 -3.53486 1.49728 0.958876
2.13947 -3.53517 1.49739 0.957871
2.13947 -3.535 1.49734 0.957362
2.13947 -3.5345 1.49719 0.956784
2.13947 -3.53428 1.49712 0.9565
2.13947 -3.53424 1.49711 0.956225
2.13947 -3.53444 1.49719 0.956097
2.13947 -3.53483 1.49733 0.955959
2.13947 -3.53497 1.49738 0.955905
2.13947 -3.53484 1.49736 0.955851
2.13947 -3.53465 1.49731 0.955828
2.13947 -3.53442 1.49723 0.9558
2.13947 -3.53439 1.49721 0.955793
2.13947 -3.53457 1.49726 0.955783
2.13947 -3.53465 1.49731 0.95572
2.13947 -3.53379 1.49741 0.955139
2.13947 -3.53265 1.49748 0.954255
2.13947 -3.53122 1.49754 0.953004
2.13947 -3.52877 1.49767 0.949897
2.13947 -3.52642 1.49789 0.945582
2.13947 -3.52494 1.49812 0.942119
2.13947 -3.52253 1.4985 0.935918
2.13947 -3.5206 1.49874 0.931135
2.13947 -3.51862 1.49893 0.925918
2.13947 -3.51623 1.49903 0.917489
2.13947 -3.51481 1.49902 0.910828
2.13947 -3.51331 1.49905 0.90254
2.13947 -3.51232 1.49912 0.895385
2.13947 -3.51114 1.49921 0.886683
2.13947 -3.51004 1.4993 0.880352
2.13947 -3.50848 1.49939 0.870403
2.13947 -3.50786 1.49939 0.865364
2.13947 -3.50689 1.4994 0.856685
2.13947 -3.50639 1.49941 0.85096
2.13947 -3.50573 1.49941 0.842649
2.13947 -3.50528 1.49942 0.837234
2.13947 -3.50453 1.49943 0.829468
2.13947 -3.50415 1.4994 0.824544
2.13947 -3.50368 1.49932 0.817252
2.13947 -3.50343 1.49929 0.812558
2.13947 -3.50308 1.49929 0.80595
2.13947 -3.50286 1.49931 0.801718
2.13947 -3.50195 1.49954 0.78818
2.13947 -3.50162 1.49971 0.779706
2.13947 -3.50162 1.49971 0.779706
2.13947 -3.50153 1.49978 0.776563
2.13947 -3.50141 1.49986 0.773166
2.13947 -3.50123 1.49994 0.768875
2.13947 -3.50109 1.5 0.765807
2.13947 -3.50097 1.50008 0.761323
2.13947 -3.50094 1.50009 0.7598
2.13947 -3.5009 1.50013 0.756325
2.13947 -3.50087 1.50017 0.752986
2.13947 -3.50076 1.50018 0.748854
2.13947 -3.50074 1.50018 0.747875
2.13947 -3.50069 1.50018 0.745041
2.13947 -3.50068 1.50019 0.744114
2.13947 -3.50067 1.50022 0.741222
2.13947 -3.50066 1.50024 0.739565
2.13947 -3.50064 1.50027 0.737108
2.13947 -3.50062 1.50027 0.735693
2.13947 -3.50058 1.50026 0.733666
2.13947 -3.50054 1.50025 0.732416
2.13947 -3.50051 1.50024 0.73119
2.13947 -3.50047 1.50023 0.729447
2.13947 -3.50045 1.50022 0.728364
2.13947 -3.5004 1.5002 0.72573
2.13947 -3.5004 1.5002 0.72573
2.13947 -3.50038 1.50017 0.724272
2.13947 -3.50036 1.50013 0.72244
2.13947 -3.50035 1.50012 0.721579
2.13947 -3.50035 1.50012 0.721164
2.13947 -3.50034 1.50013 0.719923
2.13947 -3.50034 1.50015 0.718374
2.13947 -3.50034 1.50015 0.717997
2.13947 -3.50035 1.50015 0.717248
2.13947 -3.50037 1.50014 0.716212
2.13947 -3.50038 1.50014 0.71555
2.13947 -3.50038 1.50015 0.714615
2.13947 -3.50037 1.50016 0.714038
2.13947 -3.50036 1.50016 0.713218
2.13947 -3.50038 1.50016 0.712701
2.13947 -3.50041 1.50014 0.711963
2.13947 -3.50042 1.50014 0.711463
2.13947 -3.50042 1.50015 0.711048
2.13947 -3.50041 1.50016 0.710365
2.13947 -3.5004 1.50017 0.709933
2.13947 -3.50039 1.50017 0.709564
2.13947 -3.50039 1.50018 0.70899
2.13947 -3.50039 1.50019 0.708642
2.13947 -3.50038 1.5002 0.708158
2.13947 -3.50038 1.5002 0.707866
2.13947 -3.50037 1.5002 0.707548
2.13947 -3.50035 1.50018 0.707117
2.13947 -3.50032 1.50017 0.706853
2.13947 -3.5003 1.50017 0.706597
2.13947 -3.50028 1.50018 0.706199
2.13947 -3.50027 1.5002 0.705967
2.13947 -3.50027 1.50021 0.705635
2.13947 -3.50027 1.5002 0.705424
2.13947 -3.50026 1.50018 0.705122
2.13947 -3.50025 1.50016 0.704926
2.13947 -3.50025 1.50015 0.704645
2.13947 -3.50025 1.50014 0.704466
2.13947 -3.50025 1.50011 0.704209
2.13947 -3.50025 1.50009 0.704043
2.13947 -3.50025 1.50006 0.703804
2.13947 -3.50026 1.50004 0.703653
2.13947 -3.50028 1.50003 0.70344
2.13947 -3.50029 1.50004 0.703305
2.13947 -3.50031 1.50005 0.703104
2.13947 -3.50032 1.50006 0.702977
2.13947 -3.50032 1.50008 0.702803
2.13947 -3.50032 1.50008 0.702694
2.13947 -3.50031 1.50007 0.702536
2.13947 -3.5003 1.50007 0.702435
2.13947 -3.5003 1.50008 0.70234
2.13947 -3.5003 1.50008 0.702207
2.13947 -3.5003 1.50007 0.70212
2.13947 -3.50031 1.50005 0.702
2.13947 -3.50031 1.50002 0.701925
2.13947 -3.50031 1.5 0.701805
2.13947 -3.50031 1.49999 0.701734
2.13947 -3.50032 1.49999 0.701629
2.13947 -3.50032 1.49998 0.701563
2.13947 -3.50033 1.49998 0.701468
2.13947 -3.50033 1.49998 0.701409
2.13947 -3.50035 1.49999 0.701323
2.13947 -3.50035 1.5 0.70127
2.13947 -3.50036 1.50002 0.701194
2.13947 -3.50038 1.50004 0.701123
2.13947 -3.50039 1.50004 0.701078
2.13947 -3.50039 1.50004 0.701035
2.13947 -3.50041 1.50003 0.700974
2.13947 -3.50041 1.50003 0.700937
2.13947 -3.50042 1.50005 0.700898
2.13947 -3.50042 1.50008 0.70085
2.13947 -3.50041 1.5001 0.70082
2.13947 -3.50041 1.50011 0.700775
2.13947 -3.50041 1.50012 0.70075
2.13947 -3.50043 1.50015 0.700716
2.13947 -3.50044 1.50016 0.700696
2.13947 -3.50047 1.50019 0.700667
2.13947 -3.50049 1.50021 0.70065
2.13947 -3.5005 1.50023 0.700635
2.13947 -3.50052 1.50027 0.700615
2.13947 -3.50054 1.50029 0.700603
2.13947 -3.50057 1.50031 0.700586
2.13947 -3.50058 1.50031 0.700576
2.13947 -3.50059 1.50031 0.700568
2.13947 -3.50058 1.50029 0.700555
2.13947 -3.50056 1.50027 0.700547
2.13947 -3.50053 1.50026 0.700539
2.13947 -3.50047 1.50026 0.700526
2.13947 -3.50043 1.50025 0.700517
2.13947 -3.50037 1.50022 0.700502
2.13947 -3.50034 1.5002 0.700491
2.13947 -3.50033 1.50015 0.700473
2.13947 -3.50034 1.50011 0.70046
2.13947 -3.50033 1.50007 0.700438
2.13947 -3.50032 1.50006 0.700424
2.13947 -3.50031 1.50005 0.700412
2.13947 -3.50029 1.50007 0.700391
2.13947 -3.50028 1.50007 0.700378
2.13947 -3.50028 1.50006 0.70036
2.13947 -3.50028 1.50006 0.700348
2.13947 -3.50026 1.50006 0.700332
2.13947 -3.50025 1.50006 0.700321
2.13947 -3.50024 1.50006 0.700306
2.13947 -3.50024 1.50005 0.700296
2.13947 -3.50025 1.50005 0.700282
2.13947 -3.50026 1.50005 0.700272
2.13947 -3.50028 1.50005 0.700259
2.13947 -3.5003 1.50007 0.700251
2.13947 -3.50036 1.50009 0.700242
2.13947 -3.50041 1.50009 0.700236
2.13947 -3.50048 1.50008 0.700229
2.13947 -3.50053 1.50007 0.700224
2.13947 -3.5006 1.50004 0.700217
2.13947 -3.50063 1.50003 0.700213
2.13947 -3.50067 1.5 0.700209
2.13947 -3.50072 1.49997 0.700203
2.13947 -3.50074 1.49996 0.7002
2.13947 -3.50077 1.49998 0.700195
2.13947 -3.50081 1.5 0.700192
2.13947 -3.50088 1.50003 0.700188
2.13947 -3.50094 1.50006 0.700186
2.13947 -3.50104 1.50011 0.700182
2.13947 -3.5011 1.50017 0.70018
2.13947 -3.50118 1.50025 0.700179
2.13947 -3.50123 1.5003 0.700178
2.13947 -3.50131 1.50035 0.700177
2.13947 -3.50135 1.50037 0.700177
2.13947 -3.50139 1.50038 0.700176
2.13947 -3.50139 1.50037 0.700176
2.13947 -3.50138 1.50036 0.700175
2.13947 -3.50136 1.50035 0.700174
2.13947 -3.50132 1.50033 0.700173
2.13947 -3.5013 1.50031 0.700173
2.13947 -3.50126 1.50027 0.700171
2.13947 -3.50125 1.50022 0.700168
2.13947 -3.50124 1.50019 0.700166
2.13947 -3.50124 1.50017 0.700164
2.13947 -3.50124 1.50015 0.70016
2.13947 -3.50126 1.50014 0.700157
2.13947 -3.50127 1.50013 0.700154
2.13947 -3.50129 1.50012 0.700149
2.13947 -3.5013 1.50011 0.700145
2.13947 -3.5013 1.50009 0.700142
2.13947 -3.50129 1.50008 0.70014
2.13947 -3.50129 1.50008 0.700137
2.13947 -3.50127 1.50007 0.700133
2.13947 -3.50125 1.50006 0.700129
2.13947 -3.50124 1.50006 0.700128
2.13947 -3.50122 1.50003 0.700124
2.13947 -3.50121 1.50002 0.700122
2.13947 -3.50117 1.49999 0.700119
2.13947 -3.50114 1.49997 0.700116
2.13947 -3.50112 1.49996 0.700114
2.13947 -3.50109 1.49995 0.70011
2.13947 -3.50108 1.49995 0.700108
2.13947 -3.50105 1.49995 0.700105
2.13947 -3.50104 1.49995 0.700103
2.13947 -3.50103 1.49995 0.7001
2.13947 -3.50102 1.49995 0.700098
2.13947 -3.50103 1.49994 0.700095
2.13947 -3.50104 1.49996 0.700093
2.13947 -3.50105 1.49997 0.700091
2.13947 -3.50106 1.49999 0.70009
2.13947 -3.50108 1.5 0.700088
2.13947 -3.50109 1.50001 0.700086
2.13947 -3.50109 1.50002 0.700084
2.13947 -3.50109 1.50003 0.700083
2.13947 -3.50109 1.50005 0.700082
2.13947 -3.50109 1.50006 0.700081
2.13947 -3.50109 1.50007 0.700081
2.13947 -3.5011 1.50009 0.70008
2.13947 -3.5011 1.5001 0.700079
2.13947 -3.5011 1.50011 0.700079
2.13947 -3.50109 1.50013 0.700079
2.13947 -3.50108 1.50016 0.700079
2.13947 -3.50107 1.50022 0.700079
2.13947 -3.50108 1.50027 0.70008
2.13947 -3.5011 1.50032 0.700082
2.13947 -3.50112 1.50035 0.700083
2.13947 -3.50116 1.50039 0.700085
2.13947 -3.50118 1.50043 0.700087
2.13947 -3.50119 1.50045 0.700088
2.13947 -3.50118 1.50047 0.70009
2.13947 -3.50115 1.5005 0.700092
2.13947 -3.50112 1.50051 0.700094
2.13947 -3.5011 1.50051 0.700096
2.13947 -3.50108 1.5005 0.700099
2.13947 -3.50107 1.50049 0.7001
2.13947 -3.50107 1.50049 0.700102
2.13947 -3.50106 1.50049 0.700103
2.13947 -3.50105 1.50051 0.700104
2.13947 -3.50105 1.50051 0.700105
2.13947 -3.50105 1.50053 0.700106
2.13947 -3.50106 1.50056 0.700107
2.13947 -3.50107 1.5006 0.700109
2.13947 -3.50108 1.50062 0.70011
2.13947 -3.50108 1.50065 0.700112
2.13947 -3.50108 1.50067 0.700114
2.13947 -3.50107 1.50068 0.700116
2.13947 -3.50106 1.50068 0.700118
2.13947 -3.501 1.50068 0.70012
2.13947 -3.50096 1.50067 0.700122
2.13947 -3.50088 1.50065 0.700125
2.13947 -3.50083 1.50063 0.700127
2.13947 -3.50078 1.5006 0.700129
2.13947 -3.50075 1.50058 0.700131
2.13947 -3.50071 1.50057 0.700133
2.13947 -3.50068 1.50057 0.700135
2.13947 -3.50066 1.50057 0.700137
2.13947 -3.50062 1.50056 0.70014
2.13947 -3.5006 1.50055 0.700142
2.13947 -3.50057 1.50053 0.700144
2.13947 -3.50055 1.50053 0.700145
2.13947 -3.50052 1.50053 0.700148
2.13947 -3.50051 1.50055 0.70015
2.13947 -3.5005 1.50058 0.700153
2.13947 -3.5005 1.50061 0.700155
2.13947 -3.50052 1.50065 0.700159
2.13947 -3.50053 1.50068 0.700162
2.13947 -3.50055 1.5007 0.700166
2.13947 -3.50057 1.50071 0.700168
2.13947 -3.50059 1.5007 0.700171
2.13947 -3.50061 1.50069 0.700173
2.13947 -3.50063 1.50068 0.700175
2.13947 -3.50064 1.50066 0.700176
2.13947 -3.50065 1.50063 0.700177
2.13947 -3.50067 1.50057 0.700177
2.13947 -3.50068 1.50055 0.700176
2.13947 -3.50072 1.5005 0.700174
2.13947 -3.50074 1.50046 0.700172
2.13947 -3.50078 1.50042 0.700169
2.13947 -3.50082 1.5004 0.700166
2.13947 -3.50086 1.50038 0.700162
2.13947 -3.5009 1.50038 0.700159
2.13947 -3.50097 1.50041 0.700153
2.13947 -3.50097 1.50041 0.700153
2.13947 -3.50099 1.50047 0.70015
2.13947 -3.501 1.50051 0.700148
2.13947 -3.501 1.50056 0.700148
2.13947 -3.50099 1.50059 0.700148
2.13947 -3.50094 1.50062 0.700149
2.13947 -3.50091 1.50063 0.70015
2.13947 -3.50089 1.50064 0.700152
2.13947 -3.50088 1.50063 0.700153
2.13947 -3.50089 1.50062 0.700155
2.13947 -3.5009 1.50061 0.700156
2.13947 -3.50091 1.50061 0.700156
2.13947 -3.50093 1.50061 0.700157
2.13947 -3.50097 1.50062 0.700157
2.13947 -3.501 1.50063 0.700157
2.13947 -3.50103 1.50064 0.700157
2.13947 -3.5011 1.50068 0.700156
2.13947 -3.50114 1.50071 0.700156
2.13947 -3.50121 1.50079 0.700156
2.13947 -3.50126 1.50086 0.700156
2.13947 -3.50132 1.50095 0.700157
2.13947 -3.50137 1.50103 0.700159
2.13947 -3.5014 1.5011 0.700161
2.13947 -3.50141 1.50114 0.700163
2.13947 -3.5014 1.50118 0.700166
2.13947 -3.50138 1.5012 0.700168
2.13947 -3.50134 1.50122 0.700172
2.13947 -3.50131 1.50122 0.700175
2.13947 -3.50126 1.5012 0.700179
2.13947 -3.50122 1.50118 0.700181
2.13947 -3.50119 1.50115 0.700184
2.13947 -3.50113 1.5011 0.700187
2.13947 -3.50111 1.50107 0.700189
2.13947 -3.50108 1.50099 0.70019
2.13947 -3.50107 1.50092 0.700191
2.13947 -3.50106 1.50086 0.70019
2.13947 -3.50106 1.50077 0.700188
2.13947 -3.50105 1.50072 0.700186
2.13947 -3.50103 1.50065 0.700182
2.13947 -3.501 1.50061 0.700179
2.13947 -3.50098 1.50057 0.700176
2.13947 -3.50093 1.50053 0.700172
2.13947 -3.50091 1.50051 0.700169
2.13947 -3.50087 1.50049 0.700166
2.13947 -3.50084 1.50049 0.700163
2.13947 -3.50081 1.50051 0.700161
2.13947 -3.5008 1.50053 0.700161
2.13947 -3.50078 1.50056 0.70016
2.13947 -3.50077 1.50059 0.70016
2.13947 -3.50075 1.50063 0.700162
2.13947 -3.50074 1.50065 0.700163
2.13947 -3.50071 1.50067 0.700166
2.13947 -3.50068 1.50069 0.700168
2.13947 -3.50062 1.50072 0.700171
2.13947 -3.50058 1.50074 0.700174
2.13947 -3.50054 1.50076 0.700178
2.13947 -3.50048 1.50081 0.700183
2.13947 -3.50046 1.50085 0.700189
2.13947 -3.50047 1.50088 0.700193
2.13947 -3.5005 1.50091 0.700199
2.13947 -3.50055 1.50093 0.700205
2.13947 -3.50059 1.50094 0.700208
2.13947 -3.50063 1.50095 0.70021
2.13947 -3.50068 1.50098 0.700214
2.13947 -3.5007 1.501 0.700215
2.13947 -3.50074 1.50103 0.700218
2.13947 -3.50077 1.50104 0.70022
2.13947 -3.5008 1.50104 0.700221
2.13947 -3.50085 1.50104 0.700223
2.13947 -3.50088 1.50104 0.700223
2.13947 -3.50092 1.50103 0.700224
2.13947 -3.50095 1.50102 0.700223
2.13947 -3.50101 1.501 0.700222
2.13947 -3.50104 1.50098 0.700221
2.13947 -3.50107 1.50094 0.700219
2.13947 -3.50109 1.50092 0.700218
2.13947 -3.50111 1.50086 0.700215
2.13947 -3.50112 1.50083 0.700213
2.13947 -3.50115 1.50079 0.700208
2.13947 -3.50117 1.50076 0.700205
