1.85436 3.50032 2.30009 0.18247
1.85436 3.50032 2.30009 0.182469
1.85436 3.50033 2.30009 0.182479
1.85436 3.50033 2.30009 0.182282
1.85436 3.50035 2.3001 0.182472
1.85436 3.50035 2.30011 0.182461
1.85436 3.50036 2.30011 0.182427
1.85436 3.50035 2.30011 0.182438
1.85436 3.50036 2.30012 0.182471
1.85436 3.50035 2.30012 0.182449
1.85436 3.50036 2.3001 0.182523
1.85436 3.50035 2.3001 0.182471
1.85436 3.50036 2.30008 0.182409
1.85436 3.50036 2.30009 0.182433
1.85436 3.50036 2.30009 0.182469
1.85436 3.50038 2.3001 0.182457
1.85436 3.50038 2.3001 0.182471
1.85436 3.50039 2.30011 0.182434
1.85436 3.50038 2.3001 0.182471
1.85436 3.50039 2.3001 0.182469
1.85436 3.50041 2.30011 0.182427
1.85436 3.50043 2.30011 0.182425
1.85436 3.50043 2.3001 0.182434
1.85436 3.50043 2.30007 0.18247
1.85436 3.50043 2.30006 0.182476
1.85436 3.50044 2.30006 0.182496
1.85436 3.50044 2.30004 0.182437
1.85436 3.50045 2.30004 0.182473
1.85436 3.50047 2.30003 0.182443
1.85436 3.50047 2.30003 0.182376
1.85436 3.50047 2.30004 0.182419
1.85436 3.50047 2.30004 0.182444
1.85436 3.50046 2.30003 0.182474
1.85436 3.50047 2.30002 0.182471
1.85436 3.50048 2.30001 0.182472
1.85436 3.50049 2.30001 0.182458
1.85436 3.50048 2.30001 0.182449
1.85436 3.50048 2.3 0.182472
1.85436 3.50048 2.29999 0.18247
1.85436 3.50048 2.29998 0.182368
1.85436 3.50047 2.29998 0.182475
1.85436 3.50049 2.29996 0.18242
1.85436 3.50049 2.29999 0.182468
1.85436 3.5005 2.3 0.182472
1.85436 3.5005 2.3 0.182475
1.85436 3.50052 2.29999 0.182474
1.85436 3.50055 2.29999 0.182468
1.85436 3.50053 2.29999 0.182374
1.85436 3.50054 2.29997 0.182472
1.85436 3.50054 2.29997 0.182459
1.85436 3.50054 2.29998 0.182496
1.85436 3.50059 2.29997 0.18247
1.85436 3.50063 2.29997 0.182419
1.85436 3.50062 2.29999 0.182503
1.85436 3.50066 2.3 0.182345
1.85436 3.50065 2.3 0.182207
1.85436 3.50066 2.29998 0.182474
1.85436 3.50069 2.29998 0.182469
1.85436 3.50068 2.29998 0.182478
1.85436 3.50068 2.29998 0.182407
1.85436 3.50068 2.29999 0.182417
1.85436 3.5007 2.29999 0.182471
1.85436 3.50072 2.30002 0.182412
1.85436 3.50071 2.30002 0.182473
1.85436 3.50074 2.30003 0.182442
1.85436 3.50074 2.30003 0.18244
1.85436 3.50073 2.30004 0.182442
1.85436 3.50074 2.30005 0.182507
1.85436 3.50075 2.30002 0.182472
1.85436 3.50078 2.30002 0.182471
1.85436 3.50077 2.30001 0.182489
1.85436 3.50079 2.30002 0.182448
1.85436 3.50079 2.30002 0.182403
1.85436 3.50083 2.30001 0.182427
1.85436 3.50086 2.30002 0.182441
1.85436 3.50088 2.30002 0.182468
1.85436 3.50087 2.30002 0.182462
1.85436 3.50088 2.30001 0.182481
1.85436 3.50088 2.29999 0.182472
1.85436 3.50089 2.29999 0.182477
1.85436 3.50093 2.3 0.182469
1.85436 3.50095 2.29997 0.182439
1.85436 3.50096 2.29996 0.182497
1.85436 3.50097 2.29998 0.182428
1.85436 3.50096 2.29997 0.182471
1.85436 3.501 2.29998 0.182453
1.85436 3.50102 2.29997 0.182472
1.85436 3.50102 2.29997 0.182446
1.85436 3.501 2.29997 0.18247
1.85436 3.50102 2.29996 0.182436
1.85436 3.50103 2.29997 0.182473
1.85436 3.50104 2.29998 0.18246
1.85436 3.50104 2.29998 0.182467
1.85436 3.50105 2.29997 0.18247
1.85436 3.50104 2.29998 0.182493
1.85436 3.50104 2.3 0.182481
1.85436 3.50104 2.3 0.182388
1.85436 3.50104 2.30001 0.182472
1.85436 3.50103 2.30001 0.18247
1.85436 3.50111 2.29997 0.182402
1.85436 3.5011 2.3 0.182442
1.85436 3.50112 2.29999 0.182451
1.85436 3.50111 2.29999 0.18242
1.85436 3.50113 2.29998 0.182465
1.85436 3.50114 2.29997 0.182454
1.85436 3.50112 2.29997 0.182507
1.85436 3.50115 2.29994 0.182549
1.85436 3.50119 2.29995 0.182471
1.85436 3.50119 2.29995 0.182376
1.85436 3.50121 2.29997 0.182459
1.85436 3.50123 2.29995 0.182468
1.85436 3.50124 2.29996 0.182428
1.85436 3.50124 2.29998 0.18249
1.85436 3.50122 2.29997 0.182471
1.85436 3.50123 2.29998 0.182471
1.85436 3.50124 2.29998 0.182443
1.85436 3.50123 2.29999 0.182446
1.85436 3.50121 2.29999 0.182524
1.85436 3.5012 2.29988 0.18247
1.85436 3.5012 2.29986 0.182471
1.85436 3.5012 2.29986 0.182472
1.85436 3.50124 2.29985 0.182472
1.85436 3.50123 2.29985 0.182468
1.85436 3.50124 2.29984 0.182449
1.85436 3.50123 2.29984 0.182443
1.85436 3.50123 2.29984 0.182403
1.85436 3.50123 2.29984 0.182392
1.85436 3.50123 2.29984 0.182478
1.85436 3.50131 2.29978 0.18245
1.85436 3.50131 2.29976 0.182406
1.85436 3.5013 2.29977 0.182476
1.85436 3.50137 2.29977 0.18247
1.85436 3.50137 2.29978 0.18248
1.85436 3.5014 2.29975 0.182475
1.85436 3.50141 2.29976 0.182475
1.85436 3.50142 2.29976 0.182471
1.85436 3.50142 2.29976 0.182477
1.85436 3.50145 2.29976 0.182463
1.85436 3.50147 2.29976 0.182416
1.85436 3.50146 2.29976 0.182471
1.85436 3.50148 2.29974 0.182386
1.85436 3.50148 2.29974 0.182449
1.85436 3.50152 2.29972 0.182373
1.85436 3.50151 2.29973 0.182511
1.85436 3.5015 2.29957 0.18247
1.85436 3.50151 2.29956 0.18247
1.85436 3.50152 2.29956 0.182467
1.85436 3.50155 2.29955 0.182468
1.85436 3.50154 2.29955 0.182469
1.85436 3.50153 2.29956 0.182558
1.85436 3.50159 2.29954 0.182473
1.85436 3.5016 2.29954 0.182447
1.85436 3.50161 2.29954 0.182472
1.85436 3.50161 2.29955 0.18259
1.85436 3.5016 2.29954 0.182474
1.85436 3.50159 2.29952 0.18246
1.85436 3.50159 2.29951 0.182475
1.85436 3.5016 2.29949 0.182472
1.85436 3.50161 2.29948 0.182464
1.85436 3.50161 2.29948 0.182428
1.85436 3.50161 2.29947 0.182474
1.85436 3.50163 2.29948 0.182473
1.85436 3.50164 2.29947 0.182458
1.85436 3.50165 2.29946 0.182427
1.85436 3.50164 2.29946 0.18247
1.85436 3.50165 2.29946 0.182475
1.85436 3.50166 2.29947 0.182433
1.85436 3.50165 2.29946 0.182449
1.85436 3.50165 2.29948 0.182406
1.85436 3.50166 2.29951 0.182472
1.85436 3.50165 2.2995 0.182352
1.85436 3.50165 2.2995 0.182328
1.85436 3.50167 2.29953 0.182477
1.85436 3.50169 2.29951 0.182422
1.85436 3.50172 2.2995 0.182426
1.85436 3.50172 2.29952 0.182442
1.85436 3.50171 2.29952 0.182457
1.85436 3.50171 2.29952 0.182477
1.85436 3.50172 2.29952 0.182471
1.85436 3.50174 2.29953 0.182471
1.85436 3.50173 2.29953 0.18247
1.85436 3.50173 2.29954 0.18245
1.85436 3.50172 2.29954 0.182471
1.85436 3.50173 2.29954 0.182469
1.85436 3.50173 2.29954 0.182468
1.85436 3.50173 2.29954 0.182467
1.85436 3.50176 2.29954 0.182449
1.85436 3.50175 2.29954 0.182428
1.85436 3.50175 2.29953 0.182428
1.85436 3.50175 2.29953 0.182473
1.85436 3.50176 2.29955 0.182435
1.85436 3.50175 2.29955 0.182501
1.85436 3.50174 2.29955 0.182482
1.85436 3.50182 2.29952 0.182469
1.85436 3.50181 2.29952 0.182467
1.85436 3.5018 2.29952 0.182476
1.85436 3.50182 2.29953 0.182497
1.85436 3.50187 2.29955 0.182472
1.85436 3.50188 2.29955 0.182468
1.85436 3.50188 2.29954 0.182424
1.85436 3.5019 2.29954 0.182464
1.85436 3.50191 2.29957 0.182456
1.85436 3.50192 2.29957 0.182441
1.85436 3.50192 2.29957 0.182433
1.85436 3.50192 2.29959 0.182392
1.85436 3.50194 2.29958 0.182424
1.85436 3.50194 2.29959 0.182491
1.85436 3.50195 2.2996 0.182476
1.85436 3.50196 2.29956 0.18247
1.85436 3.50197 2.29954 0.182468
1.85436 3.50197 2.29955 0.182472
1.85436 3.50196 2.29955 0.182477
1.85436 3.50199 2.29955 0.182473
1.85436 3.502 2.29954 0.182456
1.85436 3.50202 2.29954 0.182452
1.85436 3.50201 2.29955 0.182468
1.85436 3.50202 2.29955 0.182464
1.85436 3.50203 2.29955 0.182465
1.85436 3.50204 2.29954 0.182426
1.85436 3.50203 2.29955 0.182361
1.85436 3.50203 2.29952 0.18233
1.85436 3.50204 2.29954 0.182236
1.85436 3.50206 2.29951 0.182437
1.85436 3.50207 2.29952 0.182424
1.85436 3.50207 2.29952 0.182513
1.85436 3.50208 2.29953 0.182431
1.85436 3.50208 2.29952 0.182468
1.85436 3.50207 2.29952 0.182383
1.85436 3.50205 2.29951 0.182421
1.85436 3.50204 2.29952 0.182459
1.85436 3.50204 2.29944 0.182471
1.85436 3.50204 2.29944 0.182435
1.85436 3.50202 2.29936 0.182472
1.85436 3.50202 2.29936 0.182409
1.85436 3.50203 2.29935 0.182478
1.85436 3.50203 2.29937 0.182476
1.85436 3.50205 2.29938 0.182473
1.85436 3.50205 2.29938 0.18247
1.85436 3.50205 2.29937 0.182422
1.85436 3.50206 2.29938 0.182396
1.85436 3.50205 2.29938 0.182428
1.85436 3.50208 2.29939 0.182599
1.85436 3.50208 2.29931 0.182453
1.85436 3.50208 2.29928 0.182472
1.85436 3.50208 2.29928 0.186381
1.85436 3.50209 2.29928 0.193936
1.85436 3.5021 2.29928 0.201652
1.85436 3.50211 2.29931 0.21471
1.85436 3.5021 2.29933 0.223258
1.85436 3.5021 2.29936 0.231245
1.85436 3.50212 2.29939 0.238003
1.85436 3.50216 2.2994 0.248003
1.85436 3.50198 2.29918 0.251919
1.85436 3.50211 2.29918 0.253387
1.85436 3.50214 2.29921 0.25398
1.85436 3.50241 2.29946 0.254166
1.85436 3.50302 2.30007 0.255109
1.85436 3.50313 2.30187 0.257114
1.85436 3.50207 2.30332 0.258938
1.85436 3.5004 2.3003 0.26195
1.85436 3.49911 2.29749 0.2644
1.85436 3.49624 2.29567 0.269273
1.85436 3.49403 2.29612 0.273657
1.85436 3.49074 2.29812 0.281456
1.85436 3.48803 2.30015 0.287245
1.85436 3.48301 2.3023 0.297091
1.85436 3.4793 2.30212 0.304515
1.85436 3.47287 2.30157 0.316643
1.85436 3.46838 2.30185 0.325519
1.85436 3.46339 2.30243 0.334999
1.85436 3.45773 2.29843 0.349614
1.85436 3.45465 2.2924 0.359169
1.85436 3.4482 2.28592 0.375146
1.85436 3.44324 2.28455 0.38408
1.85436 3.43294 2.28487 0.401087
1.85436 3.42493 2.28626 0.412966
1.85436 3.41244 2.28775 0.431372
1.85436 3.40448 2.28719 0.444322
1.85436 3.39246 2.28455 0.464892
1.85436 3.38416 2.28327 0.479164
1.85436 3.36863 2.28355 0.500596
1.85436 3.35757 2.28524 0.515216
1.85436 3.33852 2.28916 0.538168
1.85436 3.3253 2.29164 0.554376
1.85436 3.30367 2.29393 0.580509
1.85436 3.28947 2.29516 0.599062
1.85436 3.26754 2.2974 0.627894
1.85436 3.25406 2.29915 0.647136
1.85436 3.2359 2.29825 0.675831
1.85436 3.22427 2.29494 0.694542
1.85436 3.21292 2.28934 0.712518
1.85436 3.19386 2.28337 0.73834
1.85436 3.1795 2.28509 0.755982
1.85436 3.15489 2.29427 0.783549
1.85436 3.14011 2.30078 0.801911
1.85436 3.11859 2.30589 0.829999
1.85436 3.10675 2.30614 0.849398
1.85436 3.08819 2.30399 0.878768
1.85436 3.07579 2.30226 0.898363
1.85436 3.05488 2.29885 0.927108
1.85436 3.04487 2.29705 0.941245
1.85436 3.02181 2.2913 0.973865
1.85436 3.01037 2.28579 0.991564
1.85436 2.99807 2.28277 1.00947
1.85436 2.98452 2.28372 1.03009
1.85436 2.96054 2.29099 1.05987
1.85436 2.94527 2.29639 1.0783
1.85436 2.91997 2.30421 1.10912
1.85436 2.90789 2.30572 1.12556
1.85436 2.88815 2.30602 1.15366
1.85436 2.86981 2.30539 1.18061
1.85436 2.8594 2.30397 1.19768
1.85436 2.83877 2.29991 1.22668
1.85436 2.82585 2.29635 1.2455
1.85436 2.80684 2.28936 1.27317
1.85436 2.79471 2.28384 1.29109
1.85436 2.77528 2.28321 1.31701
1.85436 2.76097 2.28758 1.33448
1.85436 2.73984 2.29503 1.36036
1.85436 2.71908 2.30204 1.38425
1.85436 2.70649 2.30532 1.39957
1.85436 2.68443 2.30782 1.42674
1.85436 2.67079 2.30819 1.44491
1.85436 2.6504 2.30643 1.47361
1.85436 2.63811 2.30271 1.49259
1.85436 2.61837 2.29787 1.52011
1.85436 2.60534 2.29362 1.5381
1.85436 2.58906 2.28655 1.56228
1.85436 2.57092 2.28175 1.58867
1.85436 2.55782 2.28365 1.60659
1.85436 2.53531 2.28929 1.63291
1.85436 2.51933 2.29461 1.65212
1.85436 2.49797 2.30161 1.6771
1.85436 2.48334 2.30629 1.69574
1.85436 2.46789 2.30969 1.71987
1.85436 2.44563 2.31409 1.75052
1.85436 2.43165 2.31751 1.76949
1.85436 2.41753 2.32113 1.7886
1.85436 2.39559 2.3267 1.81731
1.85436 2.38142 2.32992 1.83603
1.85436 2.35969 2.335 1.86412
1.85436 2.3462 2.34005 1.88303
1.85436 2.32628 2.35 1.91143
1.85436 2.31233 2.35691 1.9309
1.85436 2.29048 2.36574 1.96061
1.85436 2.27573 2.36988 1.9798
1.85436 2.25408 2.37413 2.00789
1.85436 2.23862 2.37723 2.02724
1.85436 2.21623 2.38345 2.05647
1.85436 2.20156 2.38609 2.0755
1.85436 2.17891 2.38835 2.10446
1.85436 2.16299 2.39304 2.12472
1.85436 2.14065 2.40161 2.15533
1.85436 2.12573 2.40694 2.17548
1.85436 2.10243 2.41437 2.20526
1.85436 2.08539 2.41816 2.22754
1.85436 2.0624 2.42055 2.25698
1.85436 2.0433 2.42302 2.27938
1.85436 2.02086 2.42781 2.30725
1.85436 2.00428 2.43214 2.32782
1.85436 1.97911 2.43888 2.35859
1.85436 1.96232 2.44166 2.37831
1.85436 1.93492 2.4397 2.408
1.85436 1.91591 2.44001 2.42748
1.85436 1.8854 2.44515 2.45512
1.85436 1.86476 2.45023 2.47294
1.85436 1.84664 2.45489 2.49018
1.85436 1.82009 2.4604 2.51478
1.85436 1.80316 2.46164 2.53027
1.85436 1.77774 2.45996 2.55287
1.85436 1.75451 2.45877 2.57453
1.85436 1.73772 2.4596 2.5881
1.85436 1.71182 2.46149 2.60791
1.85436 1.69217 2.46344 2.62066
1.85436 1.65902 2.46751 2.63921
1.85436 1.63592 2.46998 2.65233
1.85436 1.5998 2.47318 2.67201
1.85436 1.57514 2.47575 2.68603
1.85436 1.53934 2.47969 2.70901
1.85436 1.51835 2.48108 2.72488
1.85436 1.49612 2.48197 2.74107
1.85436 1.46978 2.48286 2.76603
1.85436 1.44997 2.48516 2.78354
1.85436 1.41712 2.49417 2.80932
1.85436 1.39051 2.50287 2.82546
1.85436 1.3495 2.51668 2.84856
1.85436 1.32122 2.525 2.86277
1.85436 1.279 2.53678 2.88287
1.85436 1.25133 2.54392 2.89539
1.85436 1.21056 2.55551 2.91272
1.85436 1.18152 2.56453 2.92287
1.85436 1.13728 2.57865 2.93672
1.85436 1.10751 2.58764 2.94512
1.85436 1.05853 2.60085 2.95677
1.85436 1.03184 2.60711 2.96239
1.85436 0.985652 2.61646 2.9705
1.85436 0.954583 2.62182 2.97495
1.85436 0.90855 2.63226 2.98074
1.85436 0.879155 2.64242 2.98415
1.85436 0.837407 2.66154 2.9885
1.85436 0.810844 2.67519 2.99098
1.85436 0.772552 2.69585 2.994
1.85436 0.747511 2.70885 2.99577
1.85436 0.711239 2.72827 2.99802
1.85436 0.688197 2.74182 2.99927
1.85436 0.657069 2.76502 3.00082
1.85436 0.63811 2.78184 3.00163
1.85436 0.612136 2.80867 3.00262
1.85436 0.595678 2.82716 3.00314
1.85436 0.571084 2.85565 3.00375
1.85436 0.55332 2.87436 3.00407
1.85436 0.523611 2.90122 3.00441
1.85436 0.501647 2.91756 3.00456
1.85436 0.466577 2.93992 3.00472
1.85436 0.442365 2.95382 3.00476
1.85436 0.402366 2.97563 3.00477
1.85436 0.380515 2.98693 3.00474
1.85436 0.355155 2.99926 3.00468
1.85436 0.316223 3.01635 3.00457
1.85436 0.289668 3.02676 3.00447
1.85436 0.248949 3.04075 3.00431
1.85436 0.221215 3.0488 3.0042
1.85436 0.175472 3.06007 3.00401
1.85436 0.150582 3.06521 3.0039
1.85436 0.107679 3.07267 3.00373
1.85436 0.0789428 3.07619 3.00361
1.85436 0.0358125 3.07961 3.00343
1.85436 0.00705724 3.08058 3.00331
1.85436 -0.0360566 3.08004 3.00313
1.85436 -0.0647833 3.07847 3.00302
1.85436 -0.107856 3.0744 3.00285
1.85436 -0.136536 3.07044 3.00272
1.85436 -0.165205 3.06568 3.0026
1.85436 -0.208084 3.05666 3.00243
1.85436 -0.250796 3.0456 3.00227
1.85436 -0.27907 3.03677 3.00216
1.85436 -0.321254 3.02198 3.00201
1.85436 -0.349115 3.01083 3.00192
1.85436 -0.39058 2.9925 3.00178
1.85436 -0.417989 2.9791 3.00169
1.85436 -0.458657 2.95725 3.00158
1.85436 -0.485532 2.94164 3.00151
1.85436 -0.512174 2.92517 3.00144
1.85436 -0.561694 2.89256 3.00131
1.85436 -0.584577 2.87682 3.00126
1.85436 -0.622875 2.84849 3.00117
1.85436 -0.64792 2.82891 3.00111
1.85436 -0.684671 2.79834 3.00103
1.85436 -0.709449 2.77814 3.00099
1.85436 -0.748041 2.74952 3.00092
1.85436 -0.774461 2.73139 3.00088
1.85436 -0.814249 2.70445 3.00082
1.85436 -0.840678 2.68635 3.00079
1.85436 -0.880122 2.65889 3.00074
1.85436 -0.906691 2.64101 3.00071
1.85436 -0.947379 2.61554 3.00067
1.85436 -0.975065 2.59951 3.00064
1.85436 -1.01618 2.57674 3.00059
1.85436 -1.04269 2.56229 3.00055
1.85436 -1.08227 2.5415 3.00034
1.85436 -1.10951 2.52787 3
1.85436 -1.15177 2.50835 2.99931
1.85436 -1.18065 2.49624 2.99868
1.85436 -1.2247 2.4791 2.99735
1.85436 -1.25432 2.46803 2.99622
1.85436 -1.29888 2.45145 2.99395
1.85436 -1.33612 2.43786 2.99141
1.85436 -1.3697 2.42574 2.98896
1.85436 -1.4034 2.41417 2.98612
1.85436 -1.44477 2.40094 2.98193
1.85436 -1.47493 2.39192 2.97817
1.85436 -1.52023 2.37903 2.97184
1.85436 -1.5504 2.37071 2.96727
1.85436 -1.59554 2.35891 2.95935
1.85436 -1.62557 2.35122 2.95366
1.85436 -1.67037 2.34066 2.94393
1.85436 -1.7001 2.33424 2.93732
1.85436 -1.74453 2.32552 2.92669
1.85436 -1.77382 2.32038 2.91857
1.85436 -1.81745 2.31333 2.90612
1.85436 -1.84616 2.30911 2.89648
1.85436 -1.88818 2.30342 2.8774
1.85436 -1.91562 2.3 2.86284
1.85436 -1.95628 2.29546 2.83923
1.85436 -1.98218 2.29305 2.8231
1.85436 -2.01666 2.29074 2.79959
1.85436 -2.03954 2.28963 2.78351
1.85436 -2.06014 2.28918 2.76736
1.85436 -2.08988 2.28892 2.74256
1.85436 -2.11259 2.28899 2.72306
1.85436 -2.14086 2.28989 2.694
1.85436 -2.15428 2.29076 2.67771
1.85436 -2.17874 2.29256 2.64995
1.85436 -2.19556 2.2936 2.63131
1.85436 -2.22035 2.29468 2.60366
1.85436 -2.23759 2.2951 2.5853
1.85436 -2.2642 2.29572 2.5578
1.85436 -2.27979 2.2962 2.53938
1.85436 -2.30188 2.29719 2.51197
1.85436 -2.31759 2.29793 2.49366
1.85436 -2.34022 2.29873 2.46812
1.85436 -2.35393 2.29903 2.45205
1.85436 -2.37844 2.29934 2.42464
1.85436 -2.39505 2.29952 2.40578
1.85436 -2.41811 2.29983 2.37743
1.85436 -2.43216 2.30003 2.35854
1.85436 -2.45497 2.30036 2.33012
1.85436 -2.47346 2.3006 2.30844
1.85436 -2.49665 2.30083 2.28232
1.85436 -2.51203 2.30101 2.26324
1.85436 -2.53767 2.30138 2.235
1.85436 -2.55821 2.30165 2.20953
1.85436 -2.57073 2.30166 2.19387
1.85436 -2.59368 2.30151 2.16494
1.85436 -2.6094 2.30138 2.1459
1.85436 -2.63427 2.30126 2.11689
1.85436 -2.64882 2.30121 2.09748
1.85436 -2.67471 2.30121 2.06798
1.85436 -2.69109 2.30119 2.04867
1.85436 -2.70704 2.30121 2.02727
1.85436 -2.73302 2.30137 1.99679
1.85436 -2.75054 2.30151 1.97642
1.85436 -2.76618 2.3015 1.95755
1.85436 -2.79072 2.30134 1.9292
1.85436 -2.80634 2.30128 1.90982
1.85436 -2.82969 2.30135 1.88085
1.85436 -2.84532 2.30159 1.86099
1.85436 -2.87194 2.30185 1.82831
1.85436 -2.88519 2.30172 1.80874
1.85436 -2.90082 2.30138 1.78888
1.85436 -2.92699 2.30082 1.75907
1.85436 -2.94337 2.30063 1.73943
1.85436 -2.96576 2.30061 1.71038
1.85436 -2.98506 2.30073 1.68845
1.85436 -3.00615 2.30069 1.6626
1.85436 -3.02131 2.3005 1.64386
1.85436 -3.04626 2.30004 1.61499
1.85436 -3.064 2.29977 1.59619
1.85436 -3.08816 2.29971 1.56831
1.85436 -3.10358 2.29989 1.54841
1.85436 -3.12761 2.30027 1.51789
1.85436 -3.1428 2.30043 1.49727
1.85436 -3.16685 2.30038 1.46624
1.85436 -3.18407 2.3002 1.44596
1.85436 -3.20983 2.30002 1.41515
1.85436 -3.22525 2.30013 1.39473
1.85436 -3.24881 2.30044 1.364
1.85436 -3.26356 2.30066 1.34373
1.85436 -3.28808 2.30084 1.31318
1.85436 -3.30459 2.30197 1.29375
1.85436 -3.33249 2.30681 1.26092
1.85436 -3.34461 2.30908 1.2438
1.85436 -3.35686 2.31102 1.22703
1.85436 -3.37548 2.31341 1.20202
1.85436 -3.38755 2.3145 1.18595
1.85436 -3.40372 2.31549 1.16233
1.85436 -3.41588 2.31678 1.14667
1.85436 -3.43333 2.31994 1.12433
1.85436 -3.44262 2.32233 1.11049
1.85436 -3.45565 2.32616 1.09062
1.85436 -3.4637 2.32841 1.07821
1.85436 -3.47533 2.331 1.06058
1.85436 -3.48234 2.33236 1.04955
1.85436 -3.49316 2.33456 1.03414
1.85436 -3.49964 2.33609 1.02459
1.85436 -3.50821 2.33849 1.01156
1.85436 -3.51278 2.3399 1.00364
1.85436 -3.51879 2.34159 0.992992
1.85436 -3.52181 2.3423 0.986576
1.85436 -3.52589 2.34299 0.977709
1.85436 -3.52885 2.34349 0.972502
1.85436 -3.53221 2.34422 0.966036
1.85436 -3.53356 2.34466 0.962035
1.85436 -3.53422 2.34497 0.959103
1.85436 -3.5337 2.34502 0.955834
1.85436 -3.53276 2.34481 0.954196
1.85436 -3.5322 2.34462 0.951979
1.85436 -3.53217 2.34459 0.950521
1.85436 -3.53261 2.34457 0.948943
1.85436 -3.53323 2.34472 0.948069
1.85436 -3.53366 2.34491 0.947339
1.85436 -3.5334 2.3449 0.947004
1.85436 -3.5328 2.34477 0.946726
1.85436 -3.53255 2.34471 0.946612
1.85436 -3.53247 2.34463 0.946497
1.85436 -3.53269 2.34464 0.946444
1.85436 -3.53321 2.34476 0.946388
1.85436 -3.53337 2.34483 0.946369
1.85436 -3.53321 2.34484 0.946357
1.85436 -3.53301 2.34481 0.946352
1.85436 -3.5328 2.34476 0.946347
1.85436 -3.53268 2.34472 0.946343
1.85436 -3.5328 2.34474 0.94634
1.85436 -3.53309 2.34482 0.946337
1.85436 -3.53309 2.34473 0.946256
1.85436 -3.53245 2.3439 0.945791
1.85436 -3.53106 2.34218 0.944658
1.85436 -3.52933 2.34 0.942846
1.85436 -3.52779 2.33796 0.940742
1.85436 -3.52524 2.3343 0.935841
1.85436 -3.52367 2.33197 0.931763
1.85436 -3.52111 2.32834 0.92469
1.85436 -3.51916 2.32569 0.91937
1.85436 -3.51646 2.32213 0.910792
1.85436 -3.51508 2.32028 0.904865
1.85436 -3.51353 2.3181 0.89607
1.85436 -3.5125 2.31656 0.8894
1.85436 -3.51159 2.31526 0.883523
1.85436 -3.51009 2.31327 0.874865
1.85436 -3.50909 2.31196 0.869146
1.85436 -3.50774 2.31098 0.860715
1.85436 -3.50704 2.31226 0.855217
1.85436 -3.50617 2.31346 0.846617
1.85436 -3.50576 2.31449 0.841492
1.85436 -3.50513 2.31563 0.83372
1.85436 -3.50469 2.31582 0.828726
1.85436 -3.5042 2.31553 0.823941
1.85436 -3.50368 2.31564 0.81702
1.85436 -3.50334 2.3162 0.811375
1.85436 -3.50302 2.317 0.805429
1.85436 -3.50283 2.31764 0.801343
1.85436 -3.5025 2.31977 0.795417
1.85436 -3.50225 2.3205 0.791691
1.85436 -3.50193 2.3239 0.786434
1.85436 -3.50177 2.32615 0.783109
1.85436 -3.50155 2.32899 0.778309
1.85436 -3.50141 2.33046 0.775254
1.85436 -3.50125 2.33244 0.770997
1.85436 -3.50115 2.33363 0.768139
1.85436 -3.50101 2.33553 0.764818
1.85436 -3.50095 2.33723 0.762375
1.85436 -3.5009 2.33901 0.760055
1.85436 -3.50079 2.3424 0.756858
1.85436 -3.5007 2.34502 0.754935
1.85436 -3.50056 2.3484 0.752165
1.85436 -3.50046 2.3503 0.75042
1.85436 -3.50032 2.35314 0.747994
1.85436 -3.50025 2.35522 0.746126
1.85436 -3.5002 2.35737 0.744507
1.85436 -3.50015 2.36044 0.742658
1.85436 -3.50012 2.36293 0.74121
1.85436 -3.50006 2.36609 0.739461
1.85436 -3.50002 2.36837 0.738214
1.85436 -3.50002 2.37151 0.736364
1.85436 -3.50003 2.37363 0.735157
1.85436 -3.50005 2.3757 0.733935
1.85436 -3.50009 2.37868 0.732184
1.85436 -3.50011 2.38063 0.731054
1.85436 -3.50014 2.38314 0.729392
1.85436 -3.50014 2.38454 0.728352
1.85436 -3.50016 2.38656 0.726686
1.85436 -3.50017 2.38759 0.725831
1.85436 -3.50021 2.38915 0.724337
1.85436 -3.50022 2.39005 0.72339
1.85436 -3.5002 2.39055 0.722028
1.85436 -3.50018 2.39072 0.721144
1.85436 -3.50015 2.39164 0.719912
1.85436 -3.50014 2.39262 0.719122
1.85436 -3.50014 2.39402 0.717917
1.85436 -3.50014 2.39468 0.717316
1.85436 -3.50014 2.39535 0.716577
1.85436 -3.50013 2.39554 0.715668
1.85436 -3.50011 2.39557 0.715087
1.85436 -3.5001 2.39602 0.714267
1.85436 -3.50009 2.39644 0.713731
1.85436 -3.5001 2.39602 0.712959
1.85436 -3.5001 2.39571 0.712463
1.85436 -3.50011 2.39584 0.711748
1.85436 -3.50011 2.396 0.711276
1.85436 -3.5001 2.39625 0.710612
1.85436 -3.50008 2.39652 0.710202
1.85436 -3.50006 2.39672 0.709637
1.85436 -3.50004 2.39659 0.709274
1.85436 -3.50002 2.39646 0.708735
1.85436 -3.50001 2.39653 0.708298
1.85436 -3.50001 2.39671 0.707837
1.85436 -3.50002 2.3969 0.707529
1.85436 -3.50002 2.39719 0.7071
1.85436 -3.50002 2.39726 0.706831
1.85436 -3.50002 2.39727 0.706578
1.85436 -3.50002 2.39725 0.706228
1.85436 -3.50003 2.3973 0.705896
1.85436 -3.50004 2.39739 0.705685
1.85436 -3.50004 2.39755 0.705443
1.85436 -3.50004 2.39772 0.705189
1.85436 -3.50004 2.39778 0.70501
1.85436 -3.50004 2.39781 0.704771
1.85436 -3.50005 2.39782 0.704538
1.85436 -3.50006 2.39787 0.704371
1.85436 -3.50008 2.39799 0.704129
1.85436 -3.50008 2.3981 0.703974
1.85436 -3.50009 2.3982 0.703825
1.85436 -3.5001 2.39829 0.703613
1.85436 -3.50011 2.39832 0.703482
1.85436 -3.50013 2.39835 0.703271
1.85436 -3.50015 2.3984 0.703145
1.85436 -3.50017 2.39851 0.70296
1.85436 -3.50017 2.39861 0.702846
1.85436 -3.50015 2.3987 0.702735
1.85436 -3.50013 2.39881 0.702577
1.85436 -3.50011 2.39887 0.702454
1.85436 -3.50009 2.39894 0.702333
1.85436 -3.50009 2.39899 0.702239
1.85436 -3.50009 2.39904 0.702168
1.85436 -3.50008 2.39916 0.702024
1.85436 -3.50007 2.39921 0.701961
1.85436 -3.50006 2.39927 0.701855
1.85436 -3.50005 2.39929 0.701788
1.85436 -3.50005 2.39931 0.701692
1.85436 -3.50004 2.39932 0.701631
1.85436 -3.50003 2.39936 0.701543
1.85436 -3.50001 2.39938 0.701488
1.85436 -3.5 2.39941 0.701408
1.85436 -3.49999 2.39943 0.701356
1.85436 -3.49999 2.39944 0.701307
1.85436 -3.50001 2.39945 0.701237
1.85436 -3.50002 2.39946 0.70117
1.85436 -3.50003 2.39948 0.701122
1.85436 -3.50003 2.3995 0.701076
1.85436 -3.50003 2.39951 0.701022
1.85436 -3.50004 2.39952 0.700984
1.85436 -3.50006 2.39952 0.700931
1.85436 -3.50006 2.39953 0.700896
1.85436 -3.50006 2.39956 0.700846
1.85436 -3.50005 2.39958 0.700814
1.85436 -3.50004 2.3996 0.700783
1.85436 -3.50004 2.3996 0.700739
1.85436 -3.50005 2.3996 0.700711
1.85436 -3.50007 2.39962 0.700672
1.85436 -3.50008 2.39962 0.700644
1.85436 -3.50007 2.39963 0.700616
1.85436 -3.50004 2.39964 0.700583
1.85436 -3.50002 2.39964 0.70056
1.85436 -3.50002 2.39964 0.700525
1.85436 -3.50003 2.39964 0.700495
1.85436 -3.50005 2.39965 0.700472
1.85436 -3.50007 2.39968 0.700451
1.85436 -3.50009 2.39972 0.700423
1.85436 -3.5001 2.39973 0.700406
1.85436 -3.50012 2.39975 0.700382
1.85436 -3.50012 2.39977 0.700368
1.85436 -3.50012 2.39979 0.700349
1.85436 -3.50012 2.39981 0.700338
1.85436 -3.50013 2.39983 0.700323
1.85436 -3.50012 2.39985 0.700313
1.85436 -3.5001 2.39986 0.7003
1.85436 -3.50009 2.39986 0.700291
1.85436 -3.50009 2.39987 0.700276
1.85436 -3.5001 2.39989 0.700268
1.85436 -3.50011 2.39991 0.700258
1.85436 -3.50013 2.39996 0.700248
1.85436 -3.50014 2.4 0.700242
1.85436 -3.50017 2.40003 0.700237
1.85436 -3.50022 2.39989 0.700228
1.85436 -3.50025 2.39969 0.700224
1.85436 -3.50029 2.39941 0.700217
1.85436 -3.50032 2.39923 0.700212
1.85436 -3.50033 2.39901 0.700206
1.85436 -3.50033 2.39884 0.700201
1.85436 -3.50033 2.3987 0.700197
1.85436 -3.50035 2.39822 0.700191
1.85436 -3.50037 2.39782 0.700187
1.85436 -3.50039 2.39725 0.700182
1.85436 -3.5004 2.39688 0.700178
1.85436 -3.50041 2.39623 0.700171
1.85436 -3.5004 2.3959 0.700168
1.85436 -3.5004 2.39525 0.700162
1.85436 -3.50039 2.39433 0.700158
1.85436 -3.50039 2.39347 0.700154
1.85436 -3.49977 2.39264 0.700199
1.85436 -3.49846 2.39285 0.700359
1.85436 -3.49504 2.39386 0.700797
1.85436 -3.49166 2.39489 0.701274
1.85436 -3.48497 2.39671 0.702369
1.85436 -3.47944 2.39799 0.703397
1.85436 -3.46935 2.39997 0.705453
1.85436 -3.46163 2.40132 0.707258
1.85436 -3.44849 2.40338 0.710842
1.85436 -3.43868 2.40479 0.713642
1.85436 -3.42243 2.40681 0.718333
1.85436 -3.41052 2.40807 0.722048
1.85436 -3.39113 2.40956 0.728354
1.85436 -3.37727 2.41016 0.733131
1.85436 -3.35489 2.41047 0.740819
1.85436 -3.33892 2.41019 0.746532
1.85436 -3.31376 2.40916 0.75658
1.85436 -3.29623 2.40778 0.763223
1.85436 -3.26848 2.40489 0.77397
1.85436 -3.24928 2.40225 0.781789
1.85436 -3.21933 2.39686 0.794027
1.85436 -3.19898 2.39237 0.803091
1.85436 -3.16697 2.38426 0.816053
1.85436 -3.14029 2.37606 0.828621
1.85436 -3.12151 2.36981 0.83788
1.85436 -3.08804 2.35763 0.854261
1.85436 -3.05755 2.34584 0.872228
1.85436 -3.03653 2.33687 0.889975
1.85436 -3.00589 2.32531 0.91781
1.85436 -2.97543 2.32009 0.946019
1.85436 -2.95747 2.31806 0.964606
1.85436 -2.93106 2.31254 0.991745
1.85436 -2.91141 2.30577 1.00981
1.85436 -2.89222 2.29767 1.02785
1.85436 -2.86488 2.2841 1.05541
1.85436 -2.84485 2.27655 1.07669
1.85436 -2.82303 2.2714 1.10034
1.85436 -2.79941 2.26747 1.1292
1.85436 -2.78376 2.26562 1.14793
1.85436 -2.75977 2.26499 1.17547
1.85436 -2.74294 2.26393 1.19407
1.85436 -2.71647 2.25995 1.22206
1.85436 -2.69688 2.25591 1.2427
1.85436 -2.67525 2.25037 1.26836
1.85436 -2.66077 2.24614 1.28664
1.85436 -2.63874 2.24095 1.31361
1.85436 -2.62368 2.23863 1.33216
1.85436 -2.60086 2.2355 1.36013
1.85436 -2.58278 2.23419 1.38155
1.85436 -2.56971 2.23449 1.39801
1.85436 -2.5474 2.23554 1.42708
1.85436 -2.53011 2.23486 1.4487
1.85436 -2.51481 2.23359 1.47024
1.85436 -2.49308 2.23049 1.49945
1.85436 -2.47826 2.22762 1.51944
1.85436 -2.45567 2.22402 1.54875
1.85436 -2.44123 2.22242 1.56762
1.85436 -2.41858 2.22069 1.59523
1.85436 -2.40254 2.22025 1.61402
1.85436 -2.38139 2.22268 1.64289
1.85436 -2.3666 2.22447 1.66328
1.85436 -2.34376 2.22578 1.69371
1.85436 -2.32864 2.2256 1.71403
1.85436 -2.30611 2.22409 1.74335
1.85436 -2.28734 2.22236 1.76569
1.85436 -2.26532 2.22149 1.79576
1.85436 -2.25055 2.22104 1.81583
1.85436 -2.22678 2.21925 1.84529
1.85436 -2.21213 2.21913 1.8643
1.85436 -2.18848 2.22126 1.89189
1.85436 -2.17028 2.22283 1.91207
1.85436 -2.14935 2.22837 1.93682
1.85436 -2.1365 2.23268 1.95483
1.85436 -2.12391 2.23592 1.98191
1.85436 -2.1177 2.23623 2.0003
1.85436 -2.10914 2.23706 2.03032
1.85436 -2.10203 2.23815 2.0509
1.85436 -2.0967 2.23962 2.06917
1.85436 -2.0907 2.24399 2.09634
1.85436 -2.0881 2.24687 2.11428
1.85436 -2.07893 2.25172 2.14031
1.85436 -2.0683 2.25518 2.15779
1.85436 -2.0543 2.25891 2.17546
1.85436 -2.03228 2.264 2.20256
1.85436 -2.01724 2.26736 2.22072
1.85436 -1.99249 2.27311 2.24967
1.85436 -1.97741 2.27619 2.26751
1.85436 -1.9492 2.28025 2.29651
1.85436 -1.93346 2.28061 2.30982
1.85436 -1.90277 2.27636 2.33691
1.85436 -1.87543 2.26976 2.36158
1.85436 -1.85006 2.26776 2.38279
1.85436 -1.83054 2.2702 2.40189
1.85436 -1.81584 2.27372 2.41808
1.85436 -1.79341 2.27918 2.44188
1.85436 -1.77736 2.28107 2.45729
1.85436 -1.75591 2.28057 2.47977
1.85436 -1.74165 2.27872 2.4942
1.85436 -1.72658 2.27772 2.51063
1.85436 -1.71305 2.27864 2.532
1.85436 -1.70057 2.28099 2.54684
1.85436 -1.67321 2.28565 2.57016
1.85436 -1.65292 2.2879 2.58573
1.85436 -1.62187 2.28864 2.60727
1.85436 -1.59193 2.287 2.62971
1.85436 -1.57045 2.28544 2.64665
1.85436 -1.54618 2.28742 2.66792
1.85436 -1.51228 2.29754 2.6961
1.85436 -1.48696 2.30774 2.71557
1.85436 -1.45136 2.31971 2.73842
1.85436 -1.42435 2.32757 2.75386
1.85436 -1.39336 2.33484 2.77085
1.85436 -1.34821 2.3442 2.79558
1.85436 -1.32033 2.35067 2.80988
1.85436 -1.27826 2.36186 2.82934
1.85436 -1.24659 2.37059 2.84311
1.85436 -1.21783 2.37809 2.85539
1.85436 -1.17032 2.38878 2.87531
1.85436 -1.14055 2.39434 2.88626
1.85436 -1.09561 2.40149 2.90012
1.85436 -1.06564 2.40603 2.90864
1.85436 -1.0357 2.4107 2.91694
1.85436 -0.990832 2.41738 2.92821
1.85436 -0.960922 2.42167 2.93481
1.85436 -0.916027 2.42718 2.94334
1.85436 -0.871799 2.43376 2.95079
1.85436 -0.843334 2.4396 2.95536
1.85436 -0.799173 2.45121 2.96197
1.85436 -0.776382 2.45828 2.96521
1.85436 -0.75117 2.46681 2.96845
1.85436 -0.711805 2.4811 2.97338
1.85436 -0.685673 2.49111 2.97634
1.85436 -0.652194 2.50509 2.97971
1.85436 -0.630693 2.51484 2.98175
1.85436 -0.599618 2.53027 2.98446
1.85436 -0.579518 2.54094 2.98602
1.85436 -0.549656 2.55674 2.98805
1.85436 -0.529523 2.56668 2.98912
1.85436 -0.498446 2.58015 2.9903
1.85436 -0.477005 2.58802 2.99079
1.85436 -0.455011 2.59501 2.99112
1.85436 -0.421099 2.60407 2.99121
1.85436 -0.389222 2.6112 2.99077
1.85436 -0.365674 2.61582 2.99024
1.85436 -0.331322 2.62371 2.98944
1.85436 -0.306611 2.6303 2.98897
1.85436 -0.287842 2.63554 2.98871
1.85436 -0.25659 2.64441 2.98865
1.85436 -0.226435 2.65409 2.98879
1.85436 -0.204893 2.66316 2.98885
1.85436 -0.186537 2.67225 2.98886
1.85436 -0.160005 2.68745 2.98872
1.85436 -0.142252 2.69807 2.98839
1.85436 -0.113986 2.7126 2.98747
1.85436 -0.0862008 2.72314 2.98632
1.85436 -0.0609765 2.73163 2.98526
1.85436 -0.0390801 2.73947 2.98438
1.85436 -0.0203594 2.74685 2.98372
1.85436 0.00664824 2.75848 2.98313
1.85436 0.024017 2.76647 2.98305
1.85436 0.0509407 2.77626 2.98307
1.85436 0.0695997 2.78131 2.98302
1.85436 0.0984727 2.78742 2.98261
1.85436 0.118235 2.79111 2.98215
1.85436 0.148592 2.79632 2.98115
1.85436 0.168833 2.79983 2.98035
1.85436 0.198127 2.80617 2.97946
1.85436 0.216955 2.81065 2.97912
1.85436 0.244336 2.81716 2.97899
1.85436 0.262104 2.8212 2.97911
1.85436 0.283946 2.82583 2.97941
1.85436 0.312379 2.83195 2.97967
1.85436 0.327835 2.83556 2.97958
1.85436 0.34575 2.83967 2.97932
1.85436 0.373434 2.8446 2.97847
1.85436 0.401771 2.84769 2.97727
1.85436 0.420241 2.8498 2.97654
1.85436 0.446998 2.85333 2.97576
1.85436 0.464247 2.85597 2.97548
1.85436 0.489322 2.86029 2.97542
1.85436 0.505712 2.86296 2.97541
1.85436 0.530634 2.86518 2.97545
1.85436 0.547525 2.86596 2.97539
1.85436 0.573345 2.86683 2.97487
1.85436 0.590981 2.86712 2.97424
1.85436 0.617755 2.86691 2.97307
1.85436 0.63522 2.86712 2.97231
1.85436 0.660534 2.86798 2.97143
1.85436 0.676931 2.86863 2.97116
1.85436 0.70082 2.8696 2.97112
1.85436 0.716384 2.87008 2.97133
1.85436 0.740084 2.86857 2.9717
1.85436 0.756278 2.86624 2.9719
1.85436 0.781248 2.86149 2.972
1.85436 0.798381 2.8576 2.9719
1.85436 0.824718 2.85048 2.97162
1.85436 0.842451 2.84469 2.97123
1.85436 0.868627 2.83446 2.97051
1.85436 0.885798 2.82795 2.97011
1.85436 0.911253 2.81942 2.96971
1.85436 0.930088 2.81361 2.96966
1.85436 0.953052 2.80531 2.96961
1.85436 0.970061 2.79823 2.96948
1.85436 0.996397 2.78648 2.9691
1.85436 1.01468 2.77795 2.96869
1.85436 1.03597 2.76793 2.96805
1.85436 1.05814 2.75748 2.96726
1.85436 1.0917 2.74134 2.96584
1.85436 1.11298 2.7302 2.96475
1.85436 1.14531 2.71276 2.96314
1.85436 1.1668 2.70132 2.96209
1.85436 1.20182 2.68076 2.96028
1.85436 1.22346 2.66649 2.95908
1.85436 1.24531 2.65122 2.95785
1.85436 1.28104 2.62444 2.95571
1.85436 1.30034 2.60893 2.95445
1.85436 1.33352 2.58079 2.95215
1.85436 1.35548 2.56083 2.95055
1.85436 1.38792 2.52906 2.94809
1.85436 1.4091 2.5067 2.94646
1.85436 1.43995 2.47148 2.94393
1.85436 1.46014 2.44731 2.94219
1.85436 1.48939 2.4114 2.93969
1.85436 1.50852 2.38858 2.93805
1.85436 1.53642 2.35611 2.93555
1.85436 1.55405 2.33502 2.93369
1.85436 1.57946 2.30207 2.93093
1.85436 1.59678 2.27912 2.92912
1.85436 1.62625 2.2406 2.92599
1.85436 1.64543 2.2166 2.92388
1.85436 1.67579 2.18083 2.9205
1.85436 1.69674 2.15714 2.91806
1.85436 1.72814 2.12138 2.91392
1.85436 1.74878 2.09728 2.91072
1.85436 1.78022 2.06168 2.90558
1.85436 1.80199 2.03881 2.902
1.85436 1.83602 2.00614 2.89619
1.85436 1.85941 1.98529 2.8919
1.85436 1.89536 1.95551 2.88455
1.85436 1.91959 1.93625 2.87886
1.85436 1.95625 1.90825 2.87005
1.85436 1.98093 1.89024 2.86373
1.85436 2.0185 1.86493 2.85378
1.85436 2.04393 1.849 2.84738
1.85436 2.08257 1.8271 2.83632
1.85436 2.10853 1.81361 2.82778
1.85436 2.14748 1.79528 2.8136
1.85436 2.17336 1.78439 2.80338
1.85436 2.21211 1.76929 2.78674
1.85436 2.23785 1.7604 2.7744
1.85436 2.27644 1.7494 2.75377
1.85436 2.30202 1.74323 2.73999
1.85436 2.33938 1.73665 2.71972
1.85436 2.36407 1.73342 2.70693
1.85436 2.39763 1.73137 2.68665
1.85436 2.41928 1.73142 2.67212
1.85436 2.45295 1.73262 2.6496
1.85436 2.47411 1.7345 2.63419
1.85436 2.49476 1.73775 2.61847
1.85436 2.52549 1.74437 2.59432
1.85436 2.54403 1.75009 2.57797
1.85436 2.57115 1.76088 2.55307
1.85436 2.58691 1.76916 2.53621
1.85436 2.61236 1.7838 2.51018
1.85436 2.62667 1.7941 2.49276
1.85436 2.64865 1.8121 2.46608
1.85436 2.66628 1.83159 2.43782
1.85436 2.67598 1.8444 2.41864
1.85436 2.68773 1.85757 2.39908
1.85436 2.70746 1.87436 2.37
1.85436 2.72229 1.88403 2.35056
1.85436 2.74442 1.89758 2.32119
1.85436 2.75836 1.9058 2.30184
1.85436 2.77827 1.91913 2.27302
1.85436 2.79087 1.92717 2.25399
1.85436 2.81161 1.93901 2.22465
1.85436 2.82685 1.94632 2.20423
1.85436 2.85064 1.95639 2.17364
1.85436 2.86652 1.96263 2.1533
1.85436 2.8897 1.97224 2.12253
1.85436 2.90407 1.97824 2.10212
1.85436 2.92609 1.98713 2.07059
1.85436 2.94117 1.99274 2.05016
1.85436 2.9686 2.00196 2.01776
1.85436 2.98361 2.00657 2.00098
1.85436 3.00784 2.01408 1.97164
1.85436 3.02345 2.01904 1.95262
1.85436 3.04756 2.02653 1.92409
1.85436 3.06275 2.03099 1.90486
1.85436 3.08893 2.03839 1.8767
1.85436 3.10709 2.04324 1.85779
1.85436 3.13089 2.0494 1.82907
1.85436 3.14781 2.0538 1.80998
1.85436 3.17213 2.05991 1.78049
1.85436 3.18877 2.06399 1.76107
1.85436 3.21479 2.07014 1.73174
1.85436 3.23266 2.07426 1.71208
1.85436 3.25776 2.07979 1.68258
1.85436 3.27346 2.08332 1.66263
1.85436 3.29893 2.08962 1.63374
1.85436 3.3155 2.0958 1.61481
1.85436 3.33538 2.10617 1.59054
1.85436 3.35869 2.1198 1.56387
1.85436 3.37812 2.12984 1.54158
1.85436 3.40201 2.13846 1.51227
1.85436 3.41922 2.14161 1.49271
1.85436 3.44608 2.1434 1.46383
1.85436 3.46439 2.14407 1.44498
1.85436 3.48081 2.14512 1.42613
1.85436 3.50755 2.151 1.39847
1.85436 3.52817 2.15649 1.37735
1.85436 3.55198 2.16311 1.34939
1.85436 3.57289 2.16797 1.32627
1.85436 3.58951 2.17083 1.30715
1.85436 3.61346 2.17513 1.27883
1.85436 3.6272 2.17906 1.26034
1.85436 3.64676 2.18675 1.23367
1.85436 3.65969 2.19273 1.21653
1.85436 3.67886 2.20214 1.19238
1.85436 3.68974 2.20733 1.17734
1.85436 3.70676 2.21456 1.15548
1.85436 3.71717 2.21937 1.14149
1.85436 3.73153 2.22754 1.12228
1.85436 3.73914 2.23254 1.11029
1.85436 3.75231 2.24084 1.09339
1.85436 3.76003 2.24576 1.08224
1.85436 3.77091 2.25211 1.06629
1.85436 3.77749 2.25556 1.05644
1.85436 3.78663 2.26049 1.04291
1.85436 3.79117 2.26315 1.0342
1.85436 3.79796 2.26752 1.02191
1.85436 3.80179 2.27005 1.0143
1.85436 3.80677 2.27328 1.00382
1.85436 3.80954 2.27484 0.997611
1.85436 3.81209 2.27611 0.992104
1.85436 3.81498 2.27747 0.985246
1.85436 3.81596 2.27799 0.98167
1.85436 3.81628 2.27831 0.977321
1.85436 3.81601 2.27834 0.975347
1.85436 3.81507 2.27796 0.973032
1.85436 3.81483 2.27786 0.971839
1.85436 3.81477 2.27783 0.97041
1.85436 3.81507 2.27784 0.970418
1.85436 3.81572 2.2781 0.970385
1.85436 3.8159 2.27825 0.970376
1.85436 3.81562 2.27826 0.970331
1.85436 3.8153 2.27817 0.970286
1.85436 3.81495 2.27805 0.970174
1.85436 3.81489 2.27799 0.970111
1.85436 3.81517 2.27803 0.97004
1.85436 3.81541 2.27812 0.970006
1.85436 3.81556 2.27822 0.96997
1.85436 3.81544 2.2782 0.969954
1.85436 3.81519 2.27812 0.969937
1.85436 3.81503 2.27806 0.969928
1.85436 3.81497 2.27802 0.969921
1.85436 3.81506 2.27803 0.969913
1.85436 3.81526 2.27812 0.969908
1.85436 3.81532 2.27816 0.969904
1.85436 3.81526 2.27816 0.969901
1.85436 3.81517 2.27814 0.969898
1.85436 3.81505 2.27809 0.969896
1.85436 3.81505 2.27807 0.969894
1.85436 3.81501 2.27774 0.969673
1.85436 3.81473 2.27616 0.968776
1.85436 3.81436 2.2743 0.96771
1.85436 3.81358 2.27055 0.965318
1.85436 3.81285 2.26788 0.962689
1.85436 3.81169 2.2665 0.957386
1.85436 3.81087 2.26702 0.952428
1.85436 3.80973 2.26769 0.944923
1.85436 3.80889 2.26738 0.939014
1.85436 3.80765 2.26525 0.929853
1.85436 3.80691 2.26274 0.923575
1.85436 3.80629 2.26035 0.917231
1.85436 3.80545 2.25779 0.907631
1.85436 3.80479 2.25653 0.897999
1.85436 3.80435 2.25595 0.89149
1.85436 3.80371 2.25487 0.881914
1.85436 3.80329 2.25368 0.875729
1.85436 3.80299 2.2523 0.869649
1.85436 3.80267 2.25038 0.860409
1.85436 3.8024 2.24865 0.851212
1.85436 3.80225 2.24764 0.845453
1.85436 3.80205 2.24663 0.839951
1.85436 3.80173 2.24498 0.832237
1.85436 3.80155 2.24378 0.827402
1.85436 3.80137 2.24205 0.820452
1.85436 3.80127 2.24101 0.816111
1.85436 3.80115 2.23964 0.80985
1.85436 3.80105 2.23886 0.805849
1.85436 3.80086 2.2375 0.799361
1.85436 3.80075 2.23662 0.795464
1.85436 3.80067 2.23564 0.791577
1.85436 3.80059 2.23408 0.786106
1.85436 3.80056 2.23308 0.782627
1.85436 3.80045 2.23159 0.777288
1.85436 3.80036 2.23078 0.774255
1.85436 3.80022 2.22954 0.770043
1.85436 3.80015 2.22872 0.767403
1.85436 3.80006 2.22712 0.763196
1.85436 3.80004 2.22628 0.76108
1.85436 3.80001 2.22484 0.757592
1.85436 3.79999 2.22396 0.755372
1.85436 3.79996 2.2226 0.752083
1.85436 3.79997 2.22176 0.749968
1.85436 3.80002 2.22054 0.747011
1.85436 3.80005 2.21962 0.745115
1.85436 3.80008 2.21819 0.742376
1.85436 3.80008 2.2173 0.740599
1.85436 3.80006 2.21593 0.738006
1.85436 3.80007 2.21506 0.736326
1.85436 3.80009 2.21379 0.733941
1.85436 3.80011 2.21301 0.732468
1.85436 3.80013 2.21217 0.731084
1.85436 3.80013 2.21076 0.729209
1.85436 3.8001 2.20923 0.72729
1.85436 3.80007 2.2085 0.726295
1.85436 3.80006 2.20744 0.724654
1.85436 3.80006 2.20694 0.723562
1.85436 3.80007 2.2065 0.722497
1.85436 3.80006 2.20573 0.721003
1.85436 3.80003 2.20496 0.719641
1.85436 3.79999 2.20447 0.718781
1.85436 3.79997 2.20388 0.71761
1.85436 3.79998 2.20358 0.716901
1.85436 3.79998 2.20323 0.715881
1.85436 3.79998 2.203 0.715234
1.85436 3.79997 2.20276 0.714607
1.85436 3.79997 2.20237 0.713736
1.85436 3.79997 2.202 0.71291
1.85436 3.79997 2.20183 0.71239
1.85436 3.79998 2.2017 0.711891
1.85436 3.79999 2.20152 0.711204
1.85436 3.8 2.2014 0.71078
1.85436 3.8 2.20122 0.710175
1.85436 3.8 2.20109 0.709784
1.85436 3.8 2.20094 0.70923
1.85436 3.8 2.20089 0.708896
1.85436 3.80001 2.20081 0.708508
1.85436 3.80002 2.20072 0.708094
1.85436 3.80002 2.20065 0.70777
1.85436 3.80003 2.20056 0.707381
1.85436 3.80003 2.2005 0.707096
1.85436 3.80003 2.20045 0.706685
1.85436 3.80004 2.20044 0.706425
1.85436 3.80003 2.20042 0.70607
1.85436 3.80004 2.20039 0.705848
1.85436 3.80004 2.20035 0.705534
1.85436 3.80003 2.20032 0.705337
1.85436 3.80001 2.20028 0.705051
1.85436 3.79999 2.20027 0.70487
1.85436 3.79997 2.20027 0.704613
1.85436 3.79995 2.20028 0.704432
1.85436 3.79993 2.20028 0.704223
1.85436 3.7999 2.20028 0.704073
1.85436 3.79986 2.20027 0.703852
1.85436 3.79984 2.20026 0.703718
1.85436 3.7998 2.20027 0.703522
1.85436 3.7998 2.20028 0.703395
1.85436 3.7998 2.20028 0.70321
1.85436 3.79981 2.20028 0.703092
1.85436 3.79982 2.20026 0.702984
1.85436 3.79982 2.20023 0.702827
1.85436 3.79982 2.2002 0.702727
1.85436 3.79982 2.20017 0.702583
1.85436 3.79982 2.20015 0.702478
1.85436 3.79984 2.20014 0.702356
1.85436 3.79985 2.20013 0.702271
1.85436 3.79987 2.20011 0.702146
1.85436 3.79989 2.2001 0.702069
1.85436 3.79992 2.20011 0.701958
1.85436 3.79993 2.20012 0.701884
1.85436 3.79994 2.20012 0.701779
1.85436 3.79995 2.20012 0.701715
1.85436 3.79994 2.2001 0.701628
1.85436 3.79993 2.20008 0.701572
1.85436 3.79993 2.20005 0.701492
1.85436 3.79992 2.20002 0.701442
1.85436 3.79992 2.19998 0.701372
1.85436 3.79992 2.19996 0.701327
1.85436 3.79991 2.19993 0.701263
1.85436 3.7999 2.19992 0.701222
1.85436 3.79987 2.1999 0.701162
1.85436 3.79986 2.19989 0.701125
1.85436 3.79985 2.19987 0.701073
1.85436 3.79985 2.19986 0.701041
1.85436 3.79986 2.19985 0.700993
1.85436 3.79986 2.19986 0.700962
1.85436 3.79986 2.19988 0.700917
1.85436 3.79987 2.19989 0.700888
1.85436 3.79987 2.19993 0.700845
1.85436 3.79988 2.19996 0.700817
1.85436 3.7999 2.20001 0.700778
1.85436 3.79992 2.20004 0.700756
1.85436 3.79994 2.20009 0.700725
1.85436 3.79995 2.20012 0.700707
1.85436 3.79996 2.20017 0.700684
1.85436 3.79998 2.20021 0.700671
1.85436 3.8 2.20028 0.700652
1.85436 3.80002 2.20032 0.70064
1.85436 3.80004 2.20038 0.700623
1.85436 3.80004 2.20041 0.700612
1.85436 3.80003 2.20046 0.700598
1.85436 3.80002 2.2005 0.700588
1.85436 3.79999 2.20055 0.700575
1.85436 3.79996 2.20058 0.700567
1.85436 3.79991 2.20061 0.700555
1.85436 3.79988 2.20061 0.700548
1.85436 3.79984 2.20063 0.700537
1.85436 3.79983 2.20064 0.70053
1.85436 3.79982 2.20066 0.700523
1.85436 3.79983 2.20071 0.700513
1.85436 3.79984 2.20075 0.700505
1.85436 3.79986 2.2008 0.700495
1.85436 3.79986 2.20082 0.700489
1.85436 3.79987 2.20083 0.70048
1.85436 3.79988 2.20084 0.700475
1.85436 3.79987 2.20084 0.700467
1.85436 3.79987 2.20083 0.700462
1.85436 3.79988 2.20085 0.700451
1.85436 3.79989 2.20087 0.700442
1.85436 3.7999 2.20091 0.700433
1.85436 3.79992 2.20097 0.700423
1.85436 3.79992 2.20101 0.700416
1.85436 3.79994 2.20107 0.700408
1.85436 3.79995 2.20111 0.700402
1.85436 3.79998 2.20117 0.700395
1.85436 3.8 2.20121 0.700392
1.85436 3.80006 2.20127 0.700386
1.85436 3.8001 2.20132 0.700383
1.85436 3.80015 2.20136 0.70038
1.85436 3.80023 2.20143 0.700376
1.85436 3.8003 2.20152 0.700372
1.85436 3.80035 2.20159 0.700369
1.85436 3.80039 2.20164 0.700367
1.85436 3.80042 2.20172 0.700364
1.85436 3.80043 2.20177 0.700361
1.85436 3.80041 2.20182 0.700358
1.85436 3.80039 2.20185 0.700355
1.85436 3.80037 2.2019 0.700352
1.85436 3.80036 2.20194 0.700349
1.85436 3.80034 2.20201 0.700345
1.85436 3.80033 2.20205 0.700342
1.85436 3.80032 2.2021 0.700337
1.85436 3.8003 2.20212 0.700334
1.85436 3.80028 2.20217 0.700329
1.85436 3.80025 2.2025 0.700326
1.85436 3.80022 2.20459 0.700321
1.85436 3.80021 2.20703 0.700317
1.85436 3.80021 2.20965 0.700314
1.85436 3.80022 2.21365 0.700309
1.85436 3.80022 2.21632 0.700306
1.85436 3.8002 2.22067 0.700301
1.85436 3.80018 2.22301 0.700299
1.85436 3.80015 2.22704 0.700294
1.85436 3.80013 2.22972 0.700291
1.85436 3.8001 2.23386 0.700287
1.85436 3.80008 2.23671 0.700284
1.85436 3.80004 2.24109 0.700279
1.85436 3.80001 2.24404 0.700277
1.85436 3.79999 2.24849 0.700273
1.85436 3.79999 2.25144 0.700271
1.85436 3.80004 2.25572 0.700268
1.85436 3.80007 2.25842 0.700267
1.85436 3.8001 2.26229 0.700265
1.85436 3.8001 2.26478 0.700265
1.85436 3.80007 2.26835 0.700262
1.85436 3.80004 2.27063 0.70026
1.85436 3.80001 2.27387 0.700257
1.85436 3.80001 2.27575 0.700255
1.85436 3.80001 2.27834 0.700252
1.85436 3.80002 2.2802 0.700249
1.85436 3.80001 2.2818 0.700246
1.85436 3.79999 2.28404 0.700242
1.85436 3.79997 2.28542 0.700239
1.85436 3.79994 2.28679 0.700234
1.85436 3.79994 2.28772 0.70023
1.85436 3.79993 2.2892 0.700224
1.85436 3.79991 2.29013 0.700221
1.85436 3.79986 2.29141 0.700215
1.85436 3.79982 2.2916 0.700212
1.85436 3.79976 2.29125 0.700206
1.85436 3.79976 2.2912 0.700202
1.85436 3.79975 2.29176 0.700196
1.85436 3.79974 2.29216 0.700192
1.85436 3.79972 2.29277 0.700186
1.85436 3.79972 2.29319 0.700182
1.85436 3.79972 2.29379 0.700177
1.85436 3.79973 2.29418 0.700174
1.85436 3.79974 2.29473 0.700169
1.85436 3.79975 2.29507 0.700167
1.85436 3.79977 2.29554 0.700163
1.85436 3.79977 2.29583 0.700161
1.85436 3.79976 2.29567 0.700159
1.85436 3.79974 2.29544 0.700157
1.85436 3.79973 2.29515 0.700155
1.85436 3.79973 2.295 0.700154
1.85436 3.79973 2.29479 0.700153
1.85436 3.79973 2.29457 0.700152
1.85436 3.79971 2.29331 0.700151
1.85436 3.7997 2.29246 0.700151
1.85436 3.79968 2.29138 0.700151
1.85436 3.79967 2.2907 0.70015
1.85436 3.79967 2.28971 0.70015
1.85436 3.79967 2.28881 0.70015
1.85436 3.79965 2.28682 0.70015
1.85436 3.79955 2.28055 0.700145
1.85436 3.79955 2.27178 0.700138
1.85436 3.79959 2.26932 0.700136
1.85436 3.79961 2.268 0.700135
1.85436 3.79962 2.26648 0.700134
1.85436 3.79964 2.26418 0.700133
1.85436 3.79966 2.26264 0.700132
1.85436 3.79969 2.26032 0.700131
1.85436 3.79973 2.258 0.700131
1.85436 3.79975 2.25645 0.700131
1.85436 3.79977 2.2549 0.700131
1.85436 3.79978 2.25217 0.700131
1.85436 3.79977 2.25081 0.700131
1.85436 3.79975 2.24848 0.700131
1.85436 3.79975 2.24693 0.700131
1.85436 3.79974 2.24459 0.700131
1.85436 3.79973 2.24303 0.700131
1.85436 3.79973 2.24147 0.700131
1.85436 3.79971 2.23834 0.70013
1.85436 3.79971 2.23678 0.70013
1.85436 3.7997 2.23522 0.70013
1.85436 3.7997 2.23364 0.700129
1.85436 3.79971 2.23127 0.700129
1.85436 3.79972 2.22969 0.700128
1.85436 3.79973 2.22733 0.700128
1.85436 3.79974 2.22577 0.700127
1.85436 3.79974 2.22353 0.700127
1.85436 3.79974 2.22143 0.700126
1.85436 3.79974 2.22012 0.700125
1.85436 3.79973 2.21886 0.700124
1.85436 3.79971 2.2171 0.700122
1.85436 3.79969 2.216 0.700121
1.85436 3.79968 2.21448 0.700118
1.85436 3.79972 2.20811 0.700107
1.85436 3.79973 2.20755 0.700106
1.85436 3.79975 2.20673 0.700105
1.85436 3.79977 2.20626 0.700105
1.85436 3.79978 2.20582 0.700104
1.85436 3.7998 2.205 0.700105
1.85436 3.79981 2.20482 0.700105
1.85436 3.79982 2.20433 0.700106
1.85436 3.79983 2.20405 0.700106
1.85436 3.79984 2.20355 0.700106
1.85436 3.79983 2.20344 0.700107
1.85436 3.79982 2.20314 0.700106
1.85436 3.79981 2.20296 0.700106
1.85436 3.79981 2.20273 0.700106
1.85436 3.79981 2.20259 0.700105
1.85436 3.79982 2.20243 0.700104
1.85436 3.79983 2.20233 0.700103
1.85436 3.79983 2.20226 0.700102
1.85436 3.79983 2.20219 0.7001
1.85436 3.79984 2.20215 0.700098
1.85436 3.79987 2.2021 0.700096
1.85436 3.79989 2.20207 0.700094
1.85436 3.79994 2.20201 0.700092
1.85436 3.79996 2.20198 0.70009
1.85436 3.79998 2.20192 0.700088
1.85436 3.79999 2.20188 0.700086
1.85436 3.80001 2.20184 0.700084
1.85436 3.8 2.20182 0.700083
1.85436 3.79997 2.2018 0.700081
1.85436 3.79994 2.20178 0.700079
1.85436 3.7999 2.20177 0.700077
1.85436 3.79987 2.20176 0.700075
1.85436 3.79985 2.20173 0.700073
1.85436 3.79984 2.2017 0.700071
1.85436 3.79983 2.20164 0.700069
1.85436 3.79981 2.2016 0.700068
1.85436 3.79979 2.20154 0.700066
1.85436 3.79977 2.2015 0.700065
1.85436 3.79973 2.20145 0.700064
1.85436 3.79971 2.20143 0.700063
1.85436 3.7997 2.20139 0.700061
1.85436 3.7997 2.20137 0.70006
1.85436 3.79969 2.20133 0.700059
1.85436 3.79967 2.20131 0.700058
1.85436 3.79967 2.20131 0.700057
1.85436 3.79966 2.2013 0.700055
1.85436 3.79966 2.2013 0.700054
1.85436 3.79967 2.2013 0.700052
1.85436 3.79968 2.2013 0.700051
1.85436 3.79971 2.20128 0.70005
1.85436 3.79973 2.20135 0.700049
1.85436 3.79975 2.2027 0.700048
1.85436 3.79976 2.20476 0.700047
1.85436 3.79978 2.21021 0.700046
1.85436 3.79979 2.21164 0.700046
1.85436 3.79979 2.21448 0.700046
1.85436 3.7998 2.21875 0.700046
1.85436 3.79983 2.22457 0.700047
1.85436 3.79983 2.22617 0.700047
1.85436 3.79985 2.22953 0.700048
1.85436 3.79986 2.23474 0.700049
1.85436 3.79986 2.23815 0.70005
1.85436 3.79986 2.24302 0.700051
1.85436 3.79986 2.24606 0.700051
1.85436 3.79987 2.2504 0.700051
1.85436 3.79986 2.25319 0.700051
1.85436 3.79987 2.25726 0.700051
1.85436 3.79987 2.25991 0.700051
1.85436 3.79987 2.26375 0.70005
1.85436 3.79988 2.26623 0.70005
1.85436 3.79991 2.26979 0.70005
1.85436 3.79994 2.27201 0.700051
1.85436 3.79995 2.27461 0.700053
1.85436 3.79995 2.27629 0.700053
1.85436 3.79994 2.27885 0.700054
1.85436 3.79993 2.2805 0.700054
1.85436 3.79993 2.28284 0.700054
1.85436 3.79995 2.28425 0.700054
1.85436 3.79998 2.28467 0.700055
1.85436 3.79998 2.28551 0.700056
1.85436 3.79997 2.28685 0.700056
1.85436 3.79993 2.2892 0.700055
1.85436 3.79992 2.29007 0.700055
1.85436 3.79991 2.29124 0.700055
1.85436 3.7999 2.29228 0.700055
1.85436 3.7999 2.29267 0.700056
1.85436 3.7999 2.29237 0.700058
1.85436 3.79989 2.29262 0.700061
1.85436 3.79989 2.293 0.700062
1.85436 3.7999 2.29363 0.700062
1.85436 3.7999 2.29375 0.700064
1.85436 3.7999 2.29394 0.700064
1.85436 3.7999 2.29429 0.700065
1.85436 3.79991 2.29455 0.700065
1.85436 3.79992 2.29496 0.700065
1.85436 3.79993 2.29524 0.700065
1.85436 3.79996 2.29504 0.700065
1.85436 3.79997 2.29484 0.700065
1.85436 3.79998 2.2946 0.700063
1.85436 3.79998 2.29447 0.700062
1.85436 3.79999 2.29389 0.700061
1.85436 3.8 2.29354 0.700061
1.85436 3.80002 2.29234 0.70006
1.85436 3.80005 2.29161 0.70006
1.85436 3.80008 2.2906 0.700061
1.85436 3.8001 2.28995 0.700061
1.85436 3.80014 2.28825 0.700062
1.85436 3.80015 2.28665 0.700063
1.85436 3.80017 2.28499 0.700064
1.85436 3.80017 2.28294 0.700065
1.85436 3.80016 2.28175 0.700066
1.85436 3.80013 2.28001 0.700067
1.85436 3.8001 2.27762 0.700068
1.85436 3.80008 2.27412 0.700068
1.85436 3.80008 2.27303 0.700068
1.85436 3.80005 2.27024 0.700068
1.85436 3.79999 2.26691 0.700068
1.85436 3.79997 2.26609 0.700067
1.85436 3.79994 2.26444 0.700067
1.85436 3.7999 2.26126 0.700066
1.85436 3.79989 2.25858 0.700065
1.85436 3.7999 2.25493 0.700064
1.85436 3.79992 2.25286 0.700063
1.85436 3.79996 2.25 0.700063
1.85436 3.79998 2.24813 0.700063
1.85436 3.80001 2.24528 0.700063
1.85436 3.80002 2.24325 0.700064
1.85436 3.80003 2.23999 0.700065
1.85436 3.80003 2.2373 0.700066
1.85436 3.80003 2.23577 0.700067
1.85436 3.80004 2.23433 0.700069
1.85436 3.80003 2.23226 0.700071
1.85436 3.80003 2.23089 0.700072
1.85436 3.80004 2.22879 0.700074
1.85436 3.80005 2.22735 0.700075
1.85436 3.80008 2.22518 0.700076
1.85436 3.80009 2.22375 0.700077
1.85436 3.8001 2.22172 0.700077
1.85436 3.80012 2.22043 0.700078
1.85436 3.80013 2.2186 0.700078
1.85436 3.80014 2.21746 0.700078
1.85436 3.80017 2.21537 0.700078
1.85436 3.80017 2.21489 0.700078
1.85436 3.80018 2.21352 0.700078
1.85436 3.80019 2.21267 0.700078
1.85436 3.80021 2.21149 0.700078
1.85436 3.80022 2.21077 0.700078
1.85436 3.80023 2.2099 0.700078
1.85436 3.8002 2.20967 0.700078
1.85436 3.80017 2.20908 0.700078
1.85436 3.80016 2.20866 0.700078
1.85436 3.80016 2.20803 0.700078
1.85436 3.80016 2.20761 0.700078
1.85436 3.80013 2.20701 0.700077
1.85436 3.8001 2.20663 0.700076
1.85436 3.80007 2.20626 0.700076
1.85436 3.80003 2.20628 0.700076
1.85436 3.80002 2.20626 0.700076
1.85436 3.80003 2.20611 0.700076
1.85436 3.80004 2.20588 0.700076
1.85436 3.80005 2.20583 0.700075
1.85436 3.80004 2.2057 0.700074
1.85436 3.80001 2.20562 0.700073
1.85436 3.79997 2.20555 0.700072
1.85436 3.79992 2.20546 0.70007
1.85436 3.79988 2.20539 0.700069
1.85436 3.79984 2.20527 0.700067
1.85436 3.7998 2.20519 0.700065
1.85436 3.79974 2.20506 0.700063
1.85436 3.7997 2.20498 0.700061
1.85436 3.79966 2.20485 0.700059
1.85436 3.79964 2.20476 0.700057
1.85436 3.79962 2.20463 0.700055
1.85436 3.79963 2.20454 0.700054
1.85436 3.79964 2.20442 0.700052
1.85436 3.79965 2.20434 0.700051
1.85436 3.79966 2.20423 0.70005
1.85436 3.79968 2.20414 0.700049
1.85436 3.7997 2.20402 0.700048
1.85436 3.79972 2.20394 0.700047
1.85436 3.79976 2.20382 0.700047
1.85436 3.79983 2.20366 0.700046
1.85436 3.79988 2.20353 0.700047
1.85436 3.79992 2.2034 0.700047
1.85436 3.79994 2.20324 0.700049
1.85436 3.79995 2.20305 0.700051
1.85436 3.79994 2.20293 0.700053
1.85436 3.79992 2.20282 0.700055
1.85436 3.7999 2.20261 0.700058
1.85436 3.7999 2.20257 0.700059
1.85436 3.7999 2.20245 0.700061
1.85436 3.7999 2.20238 0.700063
1.85436 3.79992 2.20231 0.700064
1.85436 3.79993 2.20227 0.700064
1.85436 3.79995 2.20221 0.700064
1.85436 3.79998 2.20217 0.700064
1.85436 3.80001 2.2021 0.700064
1.85436 3.80002 2.20205 0.700064
1.85436 3.80002 2.20198 0.700063
1.85436 3.80002 2.20191 0.700063
1.85436 3.80002 2.20182 0.700063
1.85436 3.80002 2.20176 0.700063
1.85436 3.80003 2.20168 0.700062
1.85436 3.80004 2.20164 0.700062
1.85436 3.80005 2.20159 0.700062
1.85436 3.80004 2.20154 0.700062
1.85436 3.80002 2.20148 0.700062
1.85436 3.80001 2.20143 0.700062
1.85436 3.8 2.20138 0.700061
1.85436 3.80001 2.20135 0.700061
1.85436 3.80002 2.20133 0.700061
1.85436 3.80002 2.20132 0.70006
1.85436 3.80002 2.20131 0.700059
1.85436 3.80001 2.2013 0.700059
1.85436 3.80001 2.20129 0.700058
1.85436 3.80002 2.20129 0.700057
1.85436 3.80006 2.20129 0.700056
1.85436 3.80009 2.2013 0.700055
1.85436 3.80011 2.20131 0.700055
1.85436 3.80013 2.20132 0.700053
1.85436 3.80014 2.20134 0.700052
1.85436 3.80014 2.20135 0.700051
1.85436 3.80015 2.20134 0.70005
1.85436 3.80016 2.2013 0.700049
1.85436 3.80016 2.20126 0.700049
1.85436 3.80015 2.20117 0.700049
1.85436 3.80013 2.2011 0.700049
1.85436 3.80008 2.201 0.70005
1.85436 3.80006 2.20093 0.700051
1.85436 3.80004 2.20083 0.700052
1.85436 3.80004 2.20076 0.700054
1.85436 3.80006 2.2007 0.700056
1.85436 3.80008 2.20064 0.700059
1.85436 3.80011 2.20059 0.700061
1.85436 3.80015 2.20056 0.700064
1.85436 3.80019 2.20054 0.700067
1.85436 3.80021 2.20053 0.700068
1.85436 3.80022 2.20052 0.70007
1.85436 3.80024 2.2005 0.700071
1.85436 3.80026 2.20048 0.700073
1.85436 3.80027 2.20048 0.700075
1.85436 3.80027 2.2005 0.700076
1.85436 3.80026 2.20053 0.700077
1.85436 3.80024 2.20059 0.700078
1.85436 3.80022 2.20064 0.700078
1.85436 3.8002 2.2007 0.700077
1.85436 3.80019 2.20073 0.700077
1.85436 3.8002 2.20076 0.700076
1.85436 3.80019 2.20076 0.700075
1.85436 3.80018 2.20075 0.700074
1.85436 3.80016 2.20072 0.700074
1.85436 3.80013 2.20065 0.700074
1.85436 3.8001 2.2006 0.700074
1.85436 3.80007 2.2005 0.700075
1.85436 3.80005 2.20042 0.700076
1.85436 3.80003 2.20033 0.700079
1.85436 3.80002 2.20028 0.700081
1.85436 3.8 2.20024 0.700085
1.85436 3.79998 2.20022 0.700087
1.85436 3.79995 2.20018 0.700091
1.85436 3.79994 2.20014 0.700095
1.85436 3.79994 2.20013 0.700096
1.85436 3.79992 2.2001 0.700099
1.85436 3.79991 2.20008 0.700101
1.85436 3.7999 2.20005 0.700104
1.85436 3.79989 2.20004 0.700106
1.85436 3.79988 2.20002 0.700108
1.85436 3.79988 2.20003 0.700111
1.85436 3.79987 2.20005 0.700113
1.85436 3.79986 2.20008 0.700114
1.85436 3.79983 2.20011 0.700115
1.85436 3.7998 2.20013 0.700115
1.85436 3.79976 2.20017 0.700115
1.85436 3.79972 2.2002 0.700115
1.85436 3.7997 2.20022 0.700115
1.85436 3.79969 2.20024 0.700115
1.85436 3.79968 2.2003 0.700114
1.85436 3.79968 2.20035 0.700114
1.85436 3.79967 2.20043 0.700113
1.85436 3.79966 2.20048 0.700112
1.85436 3.79963 2.20057 0.70011
1.85436 3.79963 2.20062 0.700109
1.85436 3.79964 2.20069 0.700107
1.85436 3.79965 2.20074 0.700105
1.85436 3.79967 2.20078 0.700103
1.85436 3.79967 2.20081 0.700102
1.85436 3.79966 2.20085 0.7001
1.85436 3.79964 2.20086 0.700099
1.85436 3.79962 2.20087 0.700097
1.85436 3.79958 2.20088 0.700096
1.85436 3.79956 2.20088 0.700094
1.85436 3.79954 2.20086 0.700093
1.85436 3.79954 2.20084 0.700092
1.85436 3.79953 2.20079 0.700091
1.85436 3.79954 2.20076 0.70009
1.85436 3.79955 2.2007 0.70009
1.85436 3.79955 2.20066 0.70009
1.85436 3.79957 2.20061 0.70009
1.85436 3.79958 2.20059 0.70009
1.85436 3.7996 2.20056 0.700091
1.85436 3.79961 2.20055 0.700091
1.85436 3.79962 2.20054 0.700091
1.85436 3.79962 2.20055 0.700091
1.85436 3.79961 2.20057 0.700091
1.85436 3.79961 2.20058 0.700091
1.85436 3.79963 2.20059 0.70009
1.85436 3.79966 2.20059 0.70009
1.85436 3.79972 2.20059 0.70009
1.85436 3.79976 2.20058 0.700089
1.85436 3.79982 2.20056 0.70009
1.85436 3.79985 2.20053 0.70009
1.85436 3.79991 2.20048 0.700091
1.85436 3.79995 2.20044 0.700092
1.85436 3.80001 2.20039 0.700094
1.85436 3.80007 2.20037 0.700096
1.85436 3.80011 2.20036 0.700097
1.85436 3.80013 2.20035 0.700098
1.85436 3.80016 2.20033 0.7001
1.85436 3.80016 2.20033 0.700102
1.85436 3.80014 2.20033 0.700103
1.85436 3.80013 2.20033 0.700104
1.85436 3.80011 2.20035 0.700105
1.85436 3.80009 2.20036 0.700106
1.85436 3.80008 2.20039 0.700106
1.85436 3.80007 2.2004 0.700106
1.85436 3.80005 2.20043 0.700106
1.85436 3.80005 2.20044 0.700106
1.85436 3.80006 2.20046 0.700106
1.85436 3.80008 2.20047 0.700105
1.85436 3.80012 2.20048 0.700105
1.85436 3.80014 2.20048 0.700105
1.85436 3.80018 2.20049 0.700105
1.85436 3.8002 2.2005 0.700105
1.85436 3.80022 2.20053 0.700105
1.85436 3.80023 2.20055 0.700105
1.85436 3.80024 2.20059 0.700104
1.85436 3.80024 2.20061 0.700104
1.85436 3.80025 2.20063 0.700104
1.85436 3.80027 2.20064 0.700103
1.85436 3.80027 2.20063 0.700103
1.85436 3.80027 2.20062 0.700103
1.85436 3.80027 2.20058 0.700103
1.85436 3.80028 2.20057 0.700103
1.85436 3.80029 2.20056 0.700103
1.85436 3.80029 2.20056 0.700103
1.85436 3.80028 2.20056 0.700103
1.85436 3.80026 2.20057 0.700103
1.85436 3.80022 2.20054 0.700103
1.85436 3.80019 2.20051 0.700104
1.85436 3.80015 2.20047 0.700104
1.85436 3.80012 2.20041 0.700104
1.85436 3.8001 2.20038 0.700105
1.85436 3.8001 2.20035 0.700106
1.85436 3.8001 2.20034 0.700107
1.85436 3.80012 2.20034 0.700108
1.85436 3.80012 2.20034 0.700108
1.85436 3.80014 2.20036 0.700108
1.85436 3.80015 2.20038 0.700108
1.85436 3.80019 2.20041 0.700108
1.85436 3.80021 2.20044 0.700108
1.85436 3.80026 2.20048 0.700108
1.85436 3.80029 2.2005 0.700108
1.85436 3.80034 2.20053 0.700107
1.85436 3.80037 2.20053 0.700107
1.85436 3.80039 2.20051 0.700107
1.85436 3.8004 2.20048 0.700107
1.85436 3.80041 2.20044 0.700108
1.85436 3.80042 2.20042 0.700108
1.85436 3.80042 2.2004 0.700109
1.85436 3.80041 2.2004 0.700109
1.85436 3.80039 2.20041 0.70011
1.85436 3.80038 2.20043 0.70011
1.85436 3.80037 2.20047 0.70011
1.85436 3.80037 2.20049 0.70011
1.85436 3.80038 2.20051 0.70011
1.85436 3.80039 2.20052 0.70011
1.85436 3.8004 2.20053 0.700109
1.85436 3.80041 2.20053 0.700109
1.85436 3.80041 2.20052 0.700109
1.85436 3.80039 2.20051 0.700109
1.85436 3.80035 2.20049 0.700109
1.85436 3.80033 2.20048 0.700109
1.85436 3.80029 2.20047 0.700109
1.85436 3.80027 2.20047 0.700109
1.85436 3.80024 2.20046 0.700109
1.85436 3.80021 2.20045 0.700109
1.85436 3.80018 2.20043 0.700109
1.85436 3.80016 2.20041 0.700109
1.85436 3.80016 2.20039 0.700109
1.85436 3.80016 2.20038 0.700109
1.85436 3.80017 2.20037 0.700109
1.85436 3.80017 2.20035 0.700109
1.85436 3.80018 2.20031 0.70011
1.85436 3.8002 2.20028 0.70011
1.85436 3.80022 2.20023 0.700112
1.85436 3.80023 2.2002 0.700112
1.85436 3.80026 2.20017 0.700114
1.85436 3.80028 2.20016 0.700115
1.85436 3.8003 2.20017 0.700117
1.85436 3.80031 2.20017 0.700118
1.85436 3.80034 2.20019 0.700119
1.85436 3.80036 2.2002 0.70012
1.85436 3.8004 2.20021 0.700121
1.85436 3.80041 2.20022 0.700122
1.85436 3.80043 2.20023 0.700122
1.85436 3.80043 2.20024 0.700123
1.85436 3.80043 2.20026 0.700123
1.85436 3.80044 2.20028 0.700124
1.85436 3.80045 2.20032 0.700124
1.85436 3.80046 2.20037 0.700124
1.85436 3.80046 2.20046 0.700123
1.85436 3.80046 2.20052 0.700122
1.85436 3.80044 2.20058 0.700121
1.85436 3.80043 2.20065 0.70012
1.85436 3.80043 2.20069 0.700118
1.85436 3.80042 2.20074 0.700117
1.85436 3.80042 2.20077 0.700115
1.85436 3.80041 2.20082 0.700113
1.85436 3.8004 2.20085 0.700112
1.85436 3.80039 2.20089 0.70011
1.85436 3.80037 2.2009 0.700109
1.85436 3.80036 2.20089 0.700108
1.85436 3.80032 2.20084 0.700106
1.85436 3.80029 2.2008 0.700106
1.85436 3.80023 2.20074 0.700105
1.85436 3.80019 2.20069 0.700105
1.85436 3.80014 2.20063 0.700105
1.85436 3.80011 2.20059 0.700105
1.85436 3.80007 2.20055 0.700105
1.85436 3.80001 2.20053 0.700105
1.85436 3.79999 2.20053 0.700105
1.85436 3.79994 2.20054 0.700104
1.85436 3.79991 2.20056 0.700104
1.85436 3.79988 2.20057 0.700103
1.85436 3.79986 2.20059 0.700102
1.85436 3.79986 2.20061 0.700101
1.85436 3.79986 2.20063 0.7001
1.85436 3.79987 2.20064 0.700099
1.85436 3.7999 2.20066 0.700098
1.85436 3.79992 2.20068 0.700097
1.85436 3.79996 2.20073 0.700096
1.85436 3.79998 2.20077 0.700096
1.85436 3.80002 2.20084 0.700094
1.85436 3.80005 2.2009 0.700093
1.85436 3.80007 2.20096 0.700092
1.85436 3.8001 2.20103 0.70009
1.85436 3.80012 2.20107 0.700089
1.85436 3.80016 2.20113 0.700087
1.85436 3.80019 2.20117 0.700086
1.85436 3.80022 2.20123 0.700085
1.85436 3.80023 2.20126 0.700084
1.85436 3.80024 2.20134 0.700081
1.85436 3.80023 2.20137 0.70008
1.85436 3.80021 2.20139 0.700078
1.85436 3.8002 2.2014 0.700077
1.85436 3.8002 2.20138 0.700075
1.85436 3.80021 2.20137 0.700074
1.85436 3.8002 2.20133 0.700073
1.85436 3.8002 2.20131 0.700073
1.85436 3.8002 2.20127 0.700072
1.85436 3.8002 2.20122 0.700071
1.85436 3.8002 2.20118 0.700071
1.85436 3.80022 2.20111 0.700071
1.85436 3.80022 2.20106 0.700071
1.85436 3.80023 2.201 0.700072
1.85436 3.80023 2.20096 0.700072
1.85436 3.80022 2.20093 0.700073
1.85436 3.8002 2.20091 0.700073
1.85436 3.80019 2.20089 0.700074
1.85436 3.80018 2.20088 0.700074
1.85436 3.80018 2.20086 0.700075
1.85436 3.80017 2.20083 0.700075
1.85436 3.80017 2.20078 0.700075
1.85436 3.80018 2.20074 0.700076
1.85436 3.80019 2.20071 0.700076
1.85436 3.8002 2.20067 0.700077
1.85436 3.80021 2.20063 0.700078
1.85436 3.8002 2.20059 0.700079
1.85436 3.80019 2.20053 0.70008
1.85436 3.80018 2.20049 0.700081
1.85436 3.80015 2.20045 0.700083
1.85436 3.80013 2.20042 0.700084
1.85436 3.8001 2.2004 0.700086
1.85436 3.80009 2.20038 0.700087
1.85436 3.80007 2.20033 0.700089
1.85436 3.80004 2.2003 0.70009
1.85436 3.80001 2.20026 0.700092
1.85436 3.79999 2.20024 0.700093
1.85436 3.79998 2.20025 0.700094
1.85436 3.79997 2.20027 0.700095
1.85436 3.79997 2.20034 0.700096
1.85436 3.79998 2.2004 0.700096
1.85436 3.8 2.20048 0.700095
1.85436 3.80002 2.20053 0.700095
1.85436 3.80004 2.20062 0.700094
1.85436 3.80005 2.20069 0.700093
