1.95369 -3.49918 1.49918 0.182426
1.95369 -3.49919 1.49919 0.18246
1.95369 -3.49918 1.49918 0.182467
1.95369 -3.49915 1.49918 0.182426
1.95369 -3.49916 1.49919 0.182431
1.95369 -3.49915 1.49919 0.182461
1.95369 -3.49916 1.49919 0.182467
1.95369 -3.49914 1.49919 0.182469
1.95369 -3.49914 1.49918 0.182519
1.95369 -3.49914 1.49919 0.182473
1.95369 -3.49914 1.4992 0.182453
1.95369 -3.49913 1.49921 0.182444
1.95369 -3.49914 1.49922 0.18247
1.95369 -3.49912 1.4992 0.182439
1.95369 -3.49911 1.49921 0.18243
1.95369 -3.49913 1.49924 0.182448
1.95369 -3.49913 1.49924 0.182447
1.95369 -3.49913 1.49923 0.182472
1.95369 -3.49913 1.49923 0.182471
1.95369 -3.49915 1.49924 0.182483
1.95369 -3.49915 1.49924 0.182481
1.95369 -3.49912 1.49917 0.18247
1.95369 -3.49914 1.49918 0.18247
1.95369 -3.49912 1.49918 0.182444
1.95369 -3.49908 1.4992 0.182452
1.95369 -3.49908 1.4992 0.182483
1.95369 -3.49908 1.49921 0.182471
1.95369 -3.49906 1.49922 0.182421
1.95369 -3.49907 1.49921 0.182473
1.95369 -3.49904 1.4992 0.182453
1.95369 -3.49905 1.4992 0.182461
1.95369 -3.49905 1.49919 0.18245
1.95369 -3.49903 1.49919 0.18244
1.95369 -3.49904 1.49919 0.182346
1.95369 -3.49904 1.49918 0.182423
1.95369 -3.49904 1.49919 0.18247
1.95369 -3.49903 1.49919 0.182457
1.95369 -3.49902 1.49919 0.182471
1.95369 -3.49901 1.49919 0.182471
1.95369 -3.49902 1.49918 0.182415
1.95369 -3.49901 1.49917 0.182486
1.95369 -3.49902 1.49916 0.18247
1.95369 -3.49902 1.49914 0.182508
1.95369 -3.49902 1.49913 0.182489
1.95369 -3.49902 1.49915 0.18247
1.95369 -3.49902 1.49914 0.182471
1.95369 -3.49901 1.49913 0.182486
1.95369 -3.49899 1.49915 0.182441
1.95369 -3.49899 1.49914 0.182439
1.95369 -3.49899 1.49914 0.182463
1.95369 -3.49899 1.49915 0.18247
1.95369 -3.49899 1.49913 0.182448
1.95369 -3.49896 1.49911 0.182394
1.95369 -3.49896 1.49914 0.182457
1.95369 -3.49893 1.49917 0.182471
1.95369 -3.49894 1.49914 0.182491
1.95369 -3.49894 1.49915 0.182444
1.95369 -3.49891 1.49913 0.182378
1.95369 -3.49894 1.49915 0.1825
1.95369 -3.49896 1.49913 0.182518
1.95369 -3.49888 1.49908 0.18247
1.95369 -3.49886 1.49907 0.18247
1.95369 -3.49886 1.49908 0.182472
1.95369 -3.49885 1.49909 0.182471
1.95369 -3.49883 1.49908 0.182467
1.95369 -3.49884 1.49909 0.182431
1.95369 -3.49884 1.4991 0.18247
1.95369 -3.49883 1.4991 0.182504
1.95369 -3.49881 1.4991 0.182449
1.95369 -3.49879 1.4991 0.182476
1.95369 -3.49879 1.4991 0.182436
1.95369 -3.49879 1.4991 0.182428
1.95369 -3.49877 1.49911 0.182473
1.95369 -3.49877 1.49911 0.18247
1.95369 -3.49875 1.49911 0.182454
1.95369 -3.49874 1.4991 0.182471
1.95369 -3.4987 1.49909 0.182398
1.95369 -3.49873 1.4991 0.182481
1.95369 -3.49873 1.49909 0.182445
1.95369 -3.49874 1.49907 0.182424
1.95369 -3.49874 1.49908 0.182544
1.95369 -3.49873 1.49907 0.182433
1.95369 -3.49872 1.49908 0.182472
1.95369 -3.49872 1.49907 0.182471
1.95369 -3.49872 1.49907 0.18247
1.95369 -3.49872 1.49908 0.182469
1.95369 -3.49872 1.49907 0.182469
1.95369 -3.49873 1.49907 0.182475
1.95369 -3.49871 1.49906 0.182489
1.95369 -3.49872 1.49903 0.18247
1.95369 -3.49872 1.49905 0.182418
1.95369 -3.49872 1.49905 0.182468
1.95369 -3.49872 1.49904 0.182451
1.95369 -3.49871 1.49906 0.182469
1.95369 -3.4987 1.49905 0.182474
1.95369 -3.49866 1.49905 0.182455
1.95369 -3.49865 1.49905 0.182439
1.95369 -3.49864 1.49904 0.182433
1.95369 -3.49865 1.49903 0.182478
1.95369 -3.49864 1.49904 0.182486
1.95369 -3.49864 1.49902 0.182474
1.95369 -3.49863 1.49899 0.182471
1.95369 -3.49862 1.49898 0.182446
1.95369 -3.49862 1.49899 0.182488
1.95369 -3.49861 1.49898 0.182472
1.95369 -3.49858 1.49898 0.182404
1.95369 -3.49857 1.49896 0.182464
1.95369 -3.49856 1.49898 0.18247
1.95369 -3.49857 1.49898 0.18248
1.95369 -3.49856 1.49899 0.182453
1.95369 -3.49856 1.49898 0.1825
1.95369 -3.49854 1.49899 0.182419
1.95369 -3.49854 1.499 0.182468
1.95369 -3.49855 1.499 0.182504
1.95369 -3.49855 1.49899 0.182445
1.95369 -3.49851 1.49898 0.182354
1.95369 -3.49848 1.49896 0.182445
1.95369 -3.4985 1.49897 0.182471
1.95369 -3.49847 1.49895 0.182393
1.95369 -3.49848 1.49896 0.18247
1.95369 -3.49846 1.49896 0.18241
1.95369 -3.49845 1.49896 0.182411
1.95369 -3.49847 1.49898 0.182326
1.95369 -3.49846 1.49899 0.182333
1.95369 -3.49844 1.49893 0.182416
1.95369 -3.49845 1.49894 0.182469
1.95369 -3.49846 1.49895 0.182484
1.95369 -3.49843 1.49895 0.182456
1.95369 -3.49844 1.49896 0.182327
1.95369 -3.49846 1.49896 0.182484
1.95369 -3.49844 1.49894 0.182475
1.95369 -3.49841 1.49893 0.182474
1.95369 -3.4984 1.49892 0.182463
1.95369 -3.49839 1.49893 0.18247
1.95369 -3.49838 1.49893 0.18243
1.95369 -3.49837 1.49892 0.182374
1.95369 -3.49838 1.49892 0.182267
1.95369 -3.49837 1.4989 0.182494
1.95369 -3.49838 1.49888 0.182448
1.95369 -3.49834 1.49887 0.182387
1.95369 -3.49836 1.49888 0.182468
1.95369 -3.49837 1.49888 0.182439
1.95369 -3.49836 1.49888 0.182452
1.95369 -3.49836 1.49886 0.182471
1.95369 -3.49836 1.49885 0.182473
1.95369 -3.49837 1.49886 0.182488
1.95369 -3.49838 1.49888 0.182436
1.95369 -3.49837 1.49889 0.182467
1.95369 -3.49835 1.4989 0.18247
1.95369 -3.49832 1.4989 0.18247
1.95369 -3.49832 1.4989 0.182458
1.95369 -3.49832 1.49891 0.18246
1.95369 -3.49832 1.49892 0.182353
1.95369 -3.4983 1.49891 0.182505
1.95369 -3.49821 1.49893 0.182469
1.95369 -3.4982 1.49894 0.182422
1.95369 -3.49819 1.49894 0.182498
1.95369 -3.49813 1.49892 0.182477
1.95369 -3.49811 1.49893 0.182426
1.95369 -3.4981 1.49893 0.182473
1.95369 -3.4981 1.49892 0.182406
1.95369 -3.4981 1.49892 0.182384
1.95369 -3.49808 1.49892 0.182473
1.95369 -3.49807 1.49892 0.182469
1.95369 -3.49807 1.49893 0.182426
1.95369 -3.49807 1.49893 0.182418
1.95369 -3.49805 1.49893 0.182454
1.95369 -3.49805 1.49893 0.18245
1.95369 -3.49805 1.49893 0.182447
1.95369 -3.49804 1.49892 0.182454
1.95369 -3.49804 1.49892 0.182446
1.95369 -3.49804 1.49892 0.182472
1.95369 -3.49802 1.49892 0.182426
1.95369 -3.49801 1.49891 0.182473
1.95369 -3.49799 1.49891 0.182477
1.95369 -3.49796 1.49888 0.182476
1.95369 -3.49797 1.4989 0.182471
1.95369 -3.49791 1.49889 0.182473
1.95369 -3.49793 1.4989 0.182474
1.95369 -3.4979 1.49889 0.18245
1.95369 -3.4979 1.4989 0.182471
1.95369 -3.4979 1.49888 0.182431
1.95369 -3.49791 1.49889 0.182524
1.95369 -3.4979 1.49888 0.18241
1.95369 -3.4979 1.49887 0.182411
1.95369 -3.49789 1.49886 0.182468
1.95369 -3.4979 1.49885 0.18243
1.95369 -3.49787 1.49884 0.182392
1.95369 -3.49786 1.49885 0.182462
1.95369 -3.49787 1.49884 0.182473
1.95369 -3.49785 1.49883 0.182372
1.95369 -3.49784 1.49885 0.18245
1.95369 -3.49782 1.49888 0.182501
1.95369 -3.49777 1.49887 0.182463
1.95369 -3.49776 1.49888 0.182468
1.95369 -3.49775 1.49888 0.182443
1.95369 -3.49774 1.49888 0.18247
1.95369 -3.49773 1.49887 0.182445
1.95369 -3.49776 1.49889 0.182457
1.95369 -3.49776 1.49889 0.182461
1.95369 -3.49777 1.49888 0.182458
1.95369 -3.49776 1.49889 0.182419
1.95369 -3.49775 1.4989 0.182442
1.95369 -3.49776 1.49888 0.182453
1.95369 -3.49775 1.49887 0.182469
1.95369 -3.49776 1.49888 0.182576
1.95369 -3.49766 1.49887 0.18247
1.95369 -3.49767 1.49887 0.182476
1.95369 -3.49766 1.49887 0.182473
1.95369 -3.49763 1.49887 0.182469
1.95369 -3.49763 1.49887 0.182472
1.95369 -3.49762 1.49886 0.18247
1.95369 -3.49763 1.49887 0.182466
1.95369 -3.49762 1.49888 0.182434
1.95369 -3.49763 1.49888 0.182477
1.95369 -3.49762 1.49888 0.182467
1.95369 -3.4976 1.4989 0.182445
1.95369 -3.49759 1.4989 0.182472
1.95369 -3.4976 1.49889 0.182473
1.95369 -3.4976 1.49889 0.182471
1.95369 -3.49758 1.49888 0.182473
1.95369 -3.49759 1.49889 0.182474
1.95369 -3.49759 1.49888 0.182475
1.95369 -3.49757 1.4989 0.182432
1.95369 -3.49757 1.4989 0.182399
1.95369 -3.49755 1.49893 0.182453
1.95369 -3.49754 1.49894 0.182467
1.95369 -3.49754 1.49894 0.182472
1.95369 -3.49754 1.49892 0.18246
1.95369 -3.49752 1.4989 0.182364
1.95369 -3.49752 1.49889 0.182493
1.95369 -3.49752 1.49886 0.18247
1.95369 -3.49751 1.49887 0.182451
1.95369 -3.49751 1.49886 0.182475
1.95369 -3.4975 1.49885 0.182472
1.95369 -3.4975 1.49886 0.182464
1.95369 -3.49747 1.49888 0.182374
1.95369 -3.49751 1.49888 0.182472
1.95369 -3.4975 1.49887 0.182477
1.95369 -3.49748 1.49886 0.182468
1.95369 -3.49748 1.49887 0.182472
1.95369 -3.49746 1.49887 0.182472
1.95369 -3.49747 1.49886 0.182468
1.95369 -3.49755 1.49888 0.182413
1.95369 -3.49755 1.49888 0.182493
1.95369 -3.49752 1.49889 0.187719
1.95369 -3.49753 1.49889 0.192497
1.95369 -3.49757 1.49885 0.201113
1.95369 -3.4976 1.4988 0.207348
1.95369 -3.49762 1.49875 0.213598
1.95369 -3.49763 1.4987 0.221901
1.95369 -3.49762 1.49868 0.228132
1.95369 -3.49762 1.49867 0.232819
1.95369 -3.49761 1.49865 0.240665
1.95369 -3.49759 1.49863 0.245617
1.95369 -3.49763 1.49862 0.251728
1.95369 -3.49715 1.49854 0.255255
1.95369 -3.49471 1.49807 0.259113
1.95369 -3.49188 1.49752 0.261705
1.95369 -3.48508 1.49616 0.265649
1.95369 -3.48056 1.49525 0.268043
1.95369 -3.47194 1.49349 0.272939
1.95369 -3.46572 1.49221 0.276806
1.95369 -3.45585 1.49024 0.283702
1.95369 -3.44874 1.48886 0.289118
1.95369 -3.43627 1.48644 0.298652
1.95369 -3.42755 1.48472 0.305884
1.95369 -3.41814 1.48287 0.313642
1.95369 -3.40304 1.47992 0.326161
1.95369 -3.39156 1.47773 0.335184
1.95369 -3.37368 1.47445 0.349485
1.95369 -3.36123 1.47229 0.359601
1.95369 -3.34188 1.46891 0.377555
1.95369 -3.33041 1.46693 0.387588
1.95369 -3.3099 1.46344 0.406448
1.95369 -3.29449 1.46084 0.419737
1.95369 -3.27093 1.45699 0.440531
1.95369 -3.25427 1.45442 0.455323
1.95369 -3.22595 1.45047 0.479928
1.95369 -3.21215 1.4486 0.493256
1.95369 -3.18675 1.44538 0.517429
1.95369 -3.16922 1.44338 0.534938
1.95369 -3.14254 1.44087 0.561964
1.95369 -3.1254 1.43918 0.580432
1.95369 -3.09988 1.43667 0.608755
1.95369 -3.08401 1.43506 0.627444
1.95369 -3.06099 1.43268 0.656294
1.95369 -3.04566 1.43107 0.67536
1.95369 -3.02088 1.42876 0.706305
1.95369 -3.00695 1.42752 0.722697
1.95369 -2.99086 1.42616 0.741391
1.95369 -2.96597 1.42418 0.769295
1.95369 -2.95212 1.42324 0.787781
1.95369 -2.92893 1.42166 0.815935
1.95369 -2.91508 1.4208 0.834497
1.95369 -2.89172 1.41934 0.863288
1.95369 -2.87712 1.41845 0.882901
1.95369 -2.85522 1.41719 0.911751
1.95369 -2.84074 1.41649 0.929665
1.95369 -2.82004 1.41559 0.955835
1.95369 -2.80507 1.41493 0.973748
1.95369 -2.78294 1.414 1.00171
1.95369 -2.7684 1.4134 1.02076
1.95369 -2.75535 1.41289 1.04044
1.95369 -2.73239 1.41192 1.07237
1.95369 -2.71699 1.41136 1.09465
1.95369 -2.70309 1.41089 1.11521
1.95369 -2.67993 1.41006 1.1484
1.95369 -2.66843 1.40963 1.16599
1.95369 -2.65474 1.40915 1.18599
1.95369 -2.62809 1.40832 1.22378
1.95369 -2.61648 1.40807 1.24133
1.95369 -2.59612 1.40786 1.27148
1.95369 -2.58229 1.40776 1.29177
1.95369 -2.56114 1.4074 1.32237
1.95369 -2.54798 1.40711 1.34226
1.95369 -2.52827 1.40672 1.3722
1.95369 -2.51487 1.40658 1.39259
1.95369 -2.49589 1.4065 1.42349
1.95369 -2.47658 1.40648 1.45156
1.95369 -2.46131 1.40649 1.47345
1.95369 -2.44735 1.40648 1.49263
1.95369 -2.42643 1.40636 1.52359
1.95369 -2.41206 1.40625 1.54305
1.95369 -2.39293 1.4061 1.57307
1.95369 -2.37922 1.40596 1.59378
1.95369 -2.35918 1.4057 1.62488
1.95369 -2.3452 1.40555 1.64578
1.95369 -2.3246 1.40547 1.67614
1.95369 -2.31107 1.40542 1.69656
1.95369 -2.29071 1.40528 1.72637
1.95369 -2.27798 1.40513 1.74618
1.95369 -2.25769 1.40482 1.77654
1.95369 -2.24296 1.40468 1.79671
1.95369 -2.2256 1.40461 1.82195
1.95369 -2.20197 1.40447 1.85159
1.95369 -2.1853 1.40444 1.87319
1.95369 -2.17111 1.40443 1.89218
1.95369 -2.15014 1.40435 1.92073
1.95369 -2.13623 1.40424 1.9393
1.95369 -2.12295 1.40407 1.96761
1.95369 -2.11689 1.40395 1.98622
1.95369 -2.1087 1.40375 2.01368
1.95369 -2.103 1.40378 2.03191
1.95369 -2.09738 1.40397 2.05879
1.95369 -2.09383 1.40406 2.07624
1.95369 -2.08945 1.40405 2.10241
1.95369 -2.08083 1.404 2.12042
1.95369 -2.06268 1.40393 2.14797
1.95369 -2.04813 1.40402 2.16602
1.95369 -2.02549 1.40427 2.19285
1.95369 -2.00949 1.40445 2.21087
1.95369 -1.98766 1.40448 2.2375
1.95369 -1.97223 1.40437 2.25501
1.95369 -1.94157 1.40412 2.28105
1.95369 -1.91717 1.40397 2.29994
1.95369 -1.89455 1.404 2.32451
1.95369 -1.8831 1.40411 2.34331
1.95369 -1.87479 1.40429 2.3665
1.95369 -1.86579 1.40445 2.38365
1.95369 -1.84537 1.40462 2.40953
1.95369 -1.82865 1.40462 2.42611
1.95369 -1.80357 1.40457 2.45081
1.95369 -1.78999 1.40459 2.46622
1.95369 -1.77623 1.40458 2.48759
1.95369 -1.76961 1.40456 2.50168
1.95369 -1.76319 1.40454 2.51508
1.95369 -1.75237 1.40446 2.53484
1.95369 -1.74554 1.40433 2.54804
1.95369 -1.7377 1.40445 2.56766
1.95369 -1.71979 1.40746 2.58768
1.95369 -1.70598 1.41092 2.6017
1.95369 -1.68391 1.41838 2.62312
1.95369 -1.66904 1.42402 2.63753
1.95369 -1.64742 1.43136 2.65997
1.95369 -1.63308 1.43612 2.67545
1.95369 -1.60673 1.44518 2.69882
1.95369 -1.58709 1.45238 2.71442
1.95369 -1.5576 1.46208 2.73759
1.95369 -1.5389 1.46734 2.75269
1.95369 -1.51783 1.47208 2.76733
1.95369 -1.48803 1.47676 2.78818
1.95369 -1.46786 1.47914 2.80162
1.95369 -1.4339 1.48394 2.82074
1.95369 -1.41042 1.48777 2.83243
1.95369 -1.37411 1.4927 2.84841
1.95369 -1.34915 1.49541 2.8581
1.95369 -1.3108 1.49773 2.87229
1.95369 -1.2847 1.49802 2.88103
1.95369 -1.2448 1.49707 2.89253
1.95369 -1.21771 1.49614 2.89972
1.95369 -1.17653 1.49464 2.90986
1.95369 -1.14866 1.49384 2.91627
1.95369 -1.10287 1.49205 2.92554
1.95369 -1.07796 1.49078 2.93001
1.95369 -1.03482 1.48775 2.93704
1.95369 -1.00577 1.48581 2.9411
1.95369 -0.973189 1.48421 2.9455
1.95369 -0.930948 1.4822 2.95053
1.95369 -0.890546 1.48 2.95515
1.95369 -0.864599 1.47869 2.95781
1.95369 -0.839618 1.47734 2.96039
1.95369 -0.803752 1.47477 2.96415
1.95369 -0.769948 1.47145 2.96753
1.95369 -0.748346 1.4689 2.96953
1.95369 -0.727537 1.4659 2.97127
1.95369 -0.697392 1.46091 2.97334
1.95369 -0.677613 1.45761 2.97433
1.95369 -0.647643 1.45288 2.97518
1.95369 -0.62706 1.44989 2.97545
1.95369 -0.594826 1.4453 2.97545
1.95369 -0.572789 1.44217 2.97536
1.95369 -0.540495 1.43746 2.97525
1.95369 -0.519622 1.43432 2.9753
1.95369 -0.489136 1.42963 2.9758
1.95369 -0.469255 1.42662 2.9764
1.95369 -0.438377 1.42261 2.97727
1.95369 -0.416638 1.42028 2.97785
1.95369 -0.382206 1.41711 2.97869
1.95369 -0.358058 1.41515 2.97918
1.95369 -0.320054 1.41241 2.97985
1.95369 -0.293579 1.41075 2.98027
1.95369 -0.252158 1.40851 2.98085
1.95369 -0.22332 1.40738 2.98125
1.95369 -0.189832 1.40642 2.98167
1.95369 -0.143436 1.40585 2.98224
1.95369 -0.111697 1.40576 2.98259
1.95369 -0.0637185 1.40575 2.98306
1.95369 -0.0317039 1.4056 2.98335
1.95369 0.0163275 1.40527 2.98379
1.95369 0.0483482 1.40505 2.98408
1.95369 0.0963744 1.40473 2.98453
1.95369 0.136396 1.40456 2.9849
1.95369 0.176419 1.40445 2.98528
1.95369 0.204436 1.40439 2.98553
1.95369 0.252458 1.40423 2.98592
1.95369 0.28447 1.4041 2.98617
1.95369 0.332487 1.40389 2.98654
1.95369 0.368497 1.40373 2.9868
1.95369 0.416506 1.40355 2.98715
1.95369 0.452508 1.40343 2.98739
1.95369 0.50051 1.40329 2.98771
1.95369 0.532515 1.4032 2.98793
1.95369 0.564525 1.40312 2.98815
1.95369 0.612563 1.403 2.98849
1.95369 0.644606 1.40292 2.98871
1.95369 0.692687 1.40284 2.98902
1.95369 0.724744 1.40279 2.98921
1.95369 0.776833 1.40271 2.98952
1.95369 0.804875 1.40266 2.98969
1.95369 0.852935 1.40258 2.98997
1.95369 0.888978 1.40252 2.99018
1.95369 0.929028 1.40246 2.9904
1.95369 0.976637 1.40237 2.99066
1.95369 1.00731 1.4023 2.99084
1.95369 1.05156 1.40195 2.99111
1.95369 1.08078 1.40084 2.99125
1.95369 1.12555 1.39707 2.99137
1.95369 1.15597 1.3932 2.99135
1.95369 1.20187 1.38551 2.99116
1.95369 1.23251 1.37906 2.99087
1.95369 1.27839 1.36794 2.99022
1.95369 1.30879 1.35942 2.98964
1.95369 1.35411 1.34546 2.98858
1.95369 1.38393 1.33491 2.98768
1.95369 1.42813 1.31766 2.98606
1.95369 1.45706 1.30493 2.98481
1.95369 1.4998 1.28436 2.98273
1.95369 1.52775 1.26961 2.98119
1.95369 1.56869 1.24782 2.97873
1.95369 1.59518 1.23426 2.97677
1.95369 1.63418 1.21459 2.97379
1.95369 1.66001 1.20066 2.97153
1.95369 1.69905 1.17897 2.96765
1.95369 1.72529 1.16425 2.96482
1.95369 1.76507 1.14227 2.96038
1.95369 1.79208 1.12842 2.95685
1.95369 1.81949 1.11545 2.95311
1.95369 1.86109 1.09732 2.94723
1.95369 1.89593 1.08301 2.94242
1.95369 1.93428 1.06816 2.93572
1.95369 1.96213 1.05802 2.93013
1.95369 2.00389 1.04349 2.92136
1.95369 2.03172 1.03462 2.91541
1.95369 2.07317 1.02318 2.90479
1.95369 2.10087 1.01606 2.89709
1.95369 2.12848 1.00962 2.88861
1.95369 2.17274 1.00116 2.87372
1.95369 2.20944 0.99572 2.85915
1.95369 2.23573 0.992685 2.84722
1.95369 2.27403 0.990026 2.82694
1.95369 2.29436 0.98966 2.814
1.95369 2.32799 0.989295 2.79374
1.95369 2.36227 0.990985 2.77034
1.95369 2.38583 0.993847 2.75188
1.95369 2.41272 0.998084 2.72879
1.95369 2.43328 1.00223 2.71173
1.95369 2.45761 1.00849 2.68995
1.95369 2.48118 1.01653 2.66546
1.95369 2.4963 1.02311 2.64764
1.95369 2.51146 1.03145 2.62965
1.95369 2.53218 1.04487 2.60233
1.95369 2.54448 1.05464 2.58174
1.95369 2.56068 1.06786 2.55356
1.95369 2.57413 1.0766 2.53213
1.95369 2.59298 1.08644 2.50589
1.95369 2.60717 1.09324 2.48668
1.95369 2.62948 1.10392 2.45743
1.95369 2.6443 1.11116 2.43761
1.95369 2.66298 1.12069 2.40791
1.95369 2.67629 1.1269 2.38809
1.95369 2.69701 1.13487 2.35794
1.95369 2.71249 1.14044 2.33797
1.95369 2.72688 1.14516 2.31885
1.95369 2.75041 1.15303 2.28876
1.95369 2.77263 1.16049 2.25904
1.95369 2.78737 1.16547 2.23937
1.95369 2.80186 1.16998 2.21991
1.95369 2.82557 1.17688 2.19162
1.95369 2.8417 1.18134 2.17351
1.95369 2.86517 1.18777 2.14563
1.95369 2.88093 1.19214 2.12716
1.95369 2.90651 1.19931 2.0982
1.95369 2.92208 1.20344 2.07887
1.95369 2.94731 1.20998 2.05013
1.95369 2.96375 1.21421 2.03161
1.95369 2.98755 1.22015 2.00447
1.95369 3.00329 1.22404 1.98642
1.95369 3.01905 1.22795 1.968
1.95369 3.04426 1.23406 1.93894
1.95369 3.07082 1.24031 1.91034
1.95369 3.08648 1.24391 1.89157
1.95369 3.11089 1.24954 1.86334
1.95369 3.1269 1.25318 1.8446
1.95369 3.14976 1.25835 1.81671
1.95369 3.1646 1.26171 1.79771
1.95369 3.19365 1.26833 1.76956
1.95369 3.21017 1.27201 1.7512
1.95369 3.23316 1.27708 1.72245
1.95369 3.24985 1.28077 1.70323
1.95369 3.2673 1.28468 1.68399
1.95369 3.29499 1.29082 1.65075
1.95369 3.31038 1.29416 1.63183
1.95369 3.33737 1.30001 1.60306
1.95369 3.35395 1.30349 1.5839
1.95369 3.3786 1.30886 1.55534
1.95369 3.39669 1.31299 1.5361
1.95369 3.42266 1.31893 1.50733
1.95369 3.43846 1.32239 1.48828
1.95369 3.46399 1.32786 1.45967
1.95369 3.48115 1.33149 1.44091
1.95369 3.50743 1.33706 1.41245
1.95369 3.52402 1.34059 1.39347
1.95369 3.54963 1.34603 1.36546
1.95369 3.56629 1.34942 1.34699
1.95369 3.59077 1.35429 1.3199
1.95369 3.60585 1.35739 1.30214
1.95369 3.62649 1.36197 1.27588
1.95369 3.63909 1.36482 1.25936
1.95369 3.65891 1.36924 1.23589
1.95369 3.67173 1.37204 1.22067
1.95369 3.69149 1.37619 1.19749
1.95369 3.70204 1.37839 1.18289
1.95369 3.71721 1.38175 1.16169
1.95369 3.72689 1.38398 1.14808
1.95369 3.73616 1.38614 1.13466
1.95369 3.74906 1.38915 1.11569
1.95369 3.75752 1.3911 1.10422
1.95369 3.76922 1.3937 1.08818
1.95369 3.77611 1.39517 1.07817
1.95369 3.78718 1.39755 1.06259
1.95369 3.79142 1.39846 1.05527
1.95369 3.79903 1.40009 1.0425
1.95369 3.80304 1.40097 1.03512
1.95369 3.807 1.40184 1.02832
1.95369 3.81244 1.40303 1.01885
1.95369 3.8148 1.40354 1.01321
1.95369 3.81748 1.4041 1.00636
1.95369 3.81849 1.4043 1.00254
1.95369 3.81893 1.40436 0.997834
1.95369 3.81882 1.40434 0.995581
1.95369 3.81806 1.40419 0.993271
1.95369 3.81785 1.40415 0.992156
1.95369 3.81785 1.40414 0.990648
1.95369 3.818 1.40417 0.990075
1.95369 3.81851 1.40428 0.989028
1.95369 3.81868 1.40432 0.988411
1.95369 3.81859 1.40432 0.987783
1.95369 3.81833 1.40428 0.987465
1.95369 3.81807 1.40423 0.987062
1.95369 3.81802 1.40422 0.986847
1.95369 3.81818 1.40425 0.986576
1.95369 3.81836 1.40429 0.986418
1.95369 3.81852 1.40434 0.986239
1.95369 3.81847 1.40434 0.986149
1.95369 3.81825 1.40431 0.986035
1.95369 3.81813 1.4043 0.985975
1.95369 3.81807 1.4043 0.985928
1.95369 3.81816 1.40432 0.985872
1.95369 3.81827 1.40434 0.985843
1.95369 3.8184 1.40438 0.985809
1.95369 3.81841 1.40438 0.985796
1.95369 3.81832 1.40438 0.985779
1.95369 3.81824 1.40437 0.985773
1.95369 3.8182 1.40438 0.985765
1.95369 3.81825 1.40441 0.985762
1.95369 3.8183 1.40444 0.985664
1.95369 3.8181 1.40441 0.985074
1.95369 3.81736 1.40427 0.983281
1.95369 3.8167 1.40413 0.981479
1.95369 3.81562 1.40386 0.977624
1.95369 3.81493 1.40365 0.97417
1.95369 3.81393 1.40335 0.968165
1.95369 3.81322 1.40315 0.963522
1.95369 3.81185 1.40282 0.955627
1.95369 3.81082 1.40262 0.949538
1.95369 3.80941 1.40238 0.939639
1.95369 3.8086 1.40224 0.932736
1.95369 3.80773 1.40206 0.922146
1.95369 3.80725 1.40189 0.915065
1.95369 3.80656 1.4016 0.904657
1.95369 3.80591 1.40139 0.897128
1.95369 3.80514 1.40119 0.888934
1.95369 3.80448 1.40103 0.881557
1.95369 3.80394 1.40097 0.87273
1.95369 3.80354 1.40096 0.866509
1.95369 3.80299 1.40099 0.856742
1.95369 3.80271 1.40099 0.8511
1.95369 3.80237 1.40095 0.845282
1.95369 3.80192 1.40085 0.836952
1.95369 3.80167 1.40076 0.830548
1.95369 3.80157 1.40072 0.826266
1.95369 3.80145 1.40068 0.819268
1.95369 3.80135 1.40064 0.814831
1.95369 3.80121 1.40055 0.808535
1.95369 3.80108 1.40046 0.804037
1.95369 3.80094 1.40035 0.799081
1.95369 3.80089 1.4003 0.795566
1.95369 3.80082 1.40027 0.790597
1.95369 3.80076 1.40026 0.787373
1.95369 3.80065 1.40021 0.782537
1.95369 3.80056 1.40015 0.779463
1.95369 3.80043 1.40007 0.775151
1.95369 3.80037 1.40003 0.772424
1.95369 3.80033 1.40002 0.769753
1.95369 3.80028 1.40005 0.765835
1.95369 3.80026 1.40009 0.7633
1.95369 3.80023 1.40011 0.759325
1.95369 3.80021 1.4001 0.757191
1.95369 3.8002 1.40009 0.754399
1.95369 3.80021 1.4001 0.751551
1.95369 3.80019 1.40014 0.748362
1.95369 3.80018 1.40016 0.746957
1.95369 3.80016 1.40018 0.744274
1.95369 3.80015 1.40018 0.742569
1.95369 3.80015 1.40017 0.740087
1.95369 3.80016 1.40015 0.738561
1.95369 3.80016 1.40013 0.736339
1.95369 3.80014 1.40013 0.734928
1.95369 3.8001 1.40013 0.73302
1.95369 3.80009 1.40012 0.731832
1.95369 3.80007 1.4001 0.730164
1.95369 3.80005 1.40009 0.729088
1.95369 3.80002 1.40007 0.727525
1.95369 3.80001 1.40007 0.726516
1.95369 3.79999 1.40004 0.725059
1.95369 3.79998 1.40003 0.724115
1.95369 3.79998 1.40004 0.722771
1.95369 3.79999 1.40004 0.721739
1.95369 3.8 1.40005 0.720953
1.95369 3.8 1.40008 0.719792
1.95369 3.79999 1.4001 0.719053
1.95369 3.79997 1.40013 0.717984
1.95369 3.79995 1.40016 0.717296
1.95369 3.79994 1.40019 0.716304
1.95369 3.79993 1.40019 0.715663
1.95369 3.79992 1.40019 0.714776
1.95369 3.79992 1.40019 0.714217
1.95369 3.79992 1.40018 0.713681
1.95369 3.79992 1.40017 0.712899
1.95369 3.79993 1.40017 0.712395
1.95369 3.79994 1.40017 0.711621
1.95369 3.79995 1.40016 0.711129
1.95369 3.79999 1.40013 0.710434
1.95369 3.80001 1.40011 0.709942
1.95369 3.80003 1.4001 0.70934
1.95369 3.80005 1.4001 0.708964
1.95369 3.80006 1.40013 0.708433
1.95369 3.80006 1.40015 0.708097
1.95369 3.80006 1.40017 0.707738
1.95369 3.80006 1.40017 0.707341
1.95369 3.80007 1.40017 0.707061
1.95369 3.80008 1.40017 0.706643
1.95369 3.8001 1.40017 0.706381
1.95369 3.80011 1.40016 0.706015
1.95369 3.80011 1.40016 0.705784
1.95369 3.8001 1.40015 0.705449
1.95369 3.80011 1.40014 0.705233
1.95369 3.80013 1.40013 0.704923
1.95369 3.80013 1.40013 0.704702
1.95369 3.80012 1.40014 0.704453
1.95369 3.8001 1.40014 0.704282
1.95369 3.80005 1.40015 0.704026
1.95369 3.80004 1.40014 0.703894
1.95369 3.80002 1.40013 0.703681
1.95369 3.80001 1.40013 0.703549
1.95369 3.79999 1.40014 0.703361
1.95369 3.79998 1.40015 0.703239
1.95369 3.79996 1.40016 0.703071
1.95369 3.79994 1.40017 0.702965
1.95369 3.79991 1.40015 0.702817
1.95369 3.7999 1.40015 0.702722
1.95369 3.79988 1.40014 0.702589
1.95369 3.79987 1.40014 0.702501
1.95369 3.79986 1.40013 0.702372
1.95369 3.79985 1.40013 0.702289
1.95369 3.79984 1.40012 0.702168
1.95369 3.79984 1.4001 0.702079
1.95369 3.79985 1.40009 0.701993
1.95369 3.79987 1.40009 0.701888
1.95369 3.79989 1.4001 0.701816
1.95369 3.7999 1.40012 0.701714
1.95369 3.79989 1.40012 0.70165
1.95369 3.79988 1.40011 0.701561
1.95369 3.79988 1.40008 0.701505
1.95369 3.79989 1.40006 0.701452
1.95369 3.79989 1.40003 0.70137
1.95369 3.79989 1.40002 0.701323
1.95369 3.79989 1.40003 0.701272
1.95369 3.79989 1.40005 0.701206
1.95369 3.79989 1.40006 0.701163
1.95369 3.79989 1.40006 0.7011
1.95369 3.79989 1.40006 0.701061
1.95369 3.79992 1.40005 0.701003
1.95369 3.79995 1.40003 0.700966
1.95369 3.79997 1.40002 0.700913
1.95369 3.79998 1.40001 0.70088
1.95369 3.79999 1.40001 0.700834
1.95369 3.79999 1.40001 0.700806
1.95369 3.79999 1.4 0.700765
1.95369 3.79999 1.4 0.700739
1.95369 3.8 1.39999 0.700703
1.95369 3.8 1.39999 0.70068
1.95369 3.80001 1.39997 0.700659
1.95369 3.80005 1.39995 0.700627
1.95369 3.8001 1.39993 0.70061
1.95369 3.80019 1.39991 0.700589
1.95369 3.80028 1.39989 0.700576
1.95369 3.80039 1.39987 0.70056
1.95369 3.80046 1.39985 0.70055
1.95369 3.80052 1.39984 0.700542
1.95369 3.8006 1.39983 0.70053
1.95369 3.80064 1.39982 0.700523
1.95369 3.80068 1.39981 0.700513
1.95369 3.80071 1.39979 0.700508
1.95369 3.80074 1.39978 0.7005
1.95369 3.80074 1.39977 0.700494
1.95369 3.80072 1.39977 0.700489
1.95369 3.8007 1.39978 0.700485
1.95369 3.80066 1.39981 0.700479
1.95369 3.80064 1.39983 0.700474
1.95369 3.80061 1.39985 0.70047
1.95369 3.80059 1.39988 0.700464
1.95369 3.80056 1.39992 0.700457
1.95369 3.80053 1.39994 0.700453
1.95369 3.80052 1.39997 0.700446
1.95369 3.80051 1.4 0.700439
1.95369 3.8005 1.40002 0.700434
1.95369 3.80047 1.40004 0.700434
1.95369 3.79921 1.4004 0.70052
1.95369 3.79725 1.40095 0.700675
1.95369 3.7926 1.40226 0.701067
1.95369 3.78832 1.40347 0.701458
1.95369 3.78032 1.40573 0.702321
1.95369 3.77388 1.40756 0.703047
1.95369 3.76251 1.41079 0.704468
1.95369 3.75385 1.41325 0.705663
1.95369 3.73924 1.4174 0.707904
1.95369 3.72838 1.42048 0.709685
1.95369 3.71045 1.42559 0.71289
1.95369 3.69738 1.42932 0.715447
1.95369 3.67624 1.43535 0.719766
1.95369 3.66098 1.43969 0.722801
1.95369 3.63642 1.44665 0.727623
1.95369 3.61899 1.45158 0.730873
1.95369 3.59126 1.45942 0.736454
1.95369 3.57172 1.46491 0.740682
1.95369 3.54072 1.47358 0.747962
1.95369 3.5191 1.47962 0.753201
1.95369 3.48524 1.48908 0.762363
1.95369 3.4618 1.49562 0.768554
1.95369 3.42502 1.50583 0.779546
1.95369 3.39323 1.51452 0.788899
1.95369 3.35742 1.52406 0.799702
1.95369 3.33065 1.53111 0.809
1.95369 3.29369 1.54062 0.823377
1.95369 3.25439 1.55038 0.842602
1.95369 3.22878 1.55672 0.856632
1.95369 3.19075 1.56636 0.878389
1.95369 3.16704 1.57239 0.893224
1.95369 3.13347 1.58078 0.916237
1.95369 3.10865 1.58695 0.931601
1.95369 3.0725 1.59588 0.954972
1.95369 3.05203 1.60099 0.971083
1.95369 3.02724 1.60721 0.990033
1.95369 2.99844 1.61467 1.01523
1.95369 2.97678 1.62032 1.03416
1.95369 2.95633 1.62556 1.05303
1.95369 2.9327 1.63157 1.0739
1.95369 2.90321 1.63892 1.09967
1.95369 2.88356 1.64382 1.11753
1.95369 2.85789 1.65032 1.14477
1.95369 2.83846 1.65522 1.1661
1.95369 2.81522 1.66091 1.19182
1.95369 2.79906 1.66478 1.21015
1.95369 2.77425 1.67058 1.23853
1.95369 2.75735 1.67451 1.25764
1.95369 2.74016 1.67854 1.27705
1.95369 2.71809 1.6837 1.306
1.95369 2.70367 1.68702 1.32483
1.95369 2.68083 1.69219 1.35278
1.95369 2.66419 1.69593 1.37348
1.95369 2.6443 1.70046 1.40117
1.95369 2.62967 1.70385 1.4196
1.95369 2.60699 1.70907 1.44761
1.95369 2.5935 1.71211 1.46659
1.95369 2.57295 1.71668 1.49484
1.95369 2.55639 1.72043 1.51394
1.95369 2.53591 1.72503 1.54235
1.95369 2.52224 1.72804 1.56145
1.95369 2.50071 1.7329 1.59048
1.95369 2.48578 1.73635 1.61015
1.95369 2.46544 1.74117 1.64014
1.95369 2.44992 1.74485 1.66035
1.95369 2.43051 1.74942 1.68516
1.95369 2.41169 1.75353 1.7117
1.95369 2.39678 1.75666 1.7314
1.95369 2.37497 1.76129 1.76107
1.95369 2.36087 1.76437 1.78004
1.95369 2.33906 1.76929 1.80863
1.95369 2.32387 1.77273 1.82778
1.95369 2.30317 1.77737 1.856
1.95369 2.28869 1.78053 1.87486
1.95369 2.26592 1.78544 1.90269
1.95369 2.25085 1.78868 1.92094
1.95369 2.22948 1.79332 1.94737
1.95369 2.21312 1.79697 1.9654
1.95369 2.1921 1.80171 1.99268
1.95369 2.17698 1.8051 2.01132
1.95369 2.15712 1.80947 2.03956
1.95369 2.14187 1.81277 2.05838
1.95369 2.12072 1.81729 2.08665
1.95369 2.10574 1.8206 2.10563
1.95369 2.08394 1.82559 2.13417
1.95369 2.0689 1.82908 2.15378
1.95369 2.04818 1.83386 2.18294
1.95369 2.03487 1.83685 2.2025
1.95369 2.02042 1.84004 2.22174
1.95369 1.99881 1.84475 2.24853
1.95369 1.98069 1.84883 2.27418
1.95369 1.95791 1.85411 2.30113
1.95369 1.93991 1.85826 2.32305
1.95369 1.92371 1.86197 2.34503
1.95369 1.90291 1.86675 2.37756
1.95369 1.88673 1.87049 2.3971
1.95369 1.86917 1.87467 2.41898
1.95369 1.85136 1.87881 2.44774
1.95369 1.83752 1.88185 2.46879
1.95369 1.82275 1.8845 2.48916
1.95369 1.80757 1.88559 2.50748
1.95369 1.78237 1.88458 2.53496
1.95369 1.76226 1.88206 2.55362
1.95369 1.72748 1.87378 2.58625
1.95369 1.70866 1.86753 2.6049
1.95369 1.6899 1.86097 2.62366
1.95369 1.66222 1.8518 2.65147
1.95369 1.64346 1.84726 2.67037
1.95369 1.61577 1.84203 2.69895
1.95369 1.59972 1.83917 2.71777
1.95369 1.57393 1.83308 2.74609
1.95369 1.55386 1.82751 2.76481
1.95369 1.52149 1.81812 2.79261
1.95369 1.49923 1.812 2.81063
1.95369 1.46507 1.80318 2.83643
1.95369 1.44381 1.79675 2.85255
1.95369 1.41206 1.78353 2.87508
1.95369 1.38839 1.77201 2.88902
1.95369 1.35022 1.75331 2.90799
1.95369 1.32386 1.74128 2.91932
1.95369 1.282 1.72586 2.9344
1.95369 1.25397 1.71741 2.9435
1.95369 1.21867 1.70611 2.95386
1.95369 1.18535 1.69256 2.96362
1.95369 1.15269 1.67478 2.97256
1.95369 1.13256 1.66273 2.97777
1.95369 1.10561 1.64699 2.98474
1.95369 1.08905 1.63823 2.98886
1.95369 1.07165 1.62951 2.99256
1.95369 1.04655 1.6161 2.99711
1.95369 1.03499 1.60828 2.99963
1.95369 1.01602 1.59465 3.00269
1.95369 1.00129 1.58383 3.00501
1.95369 0.992129 1.57759 3.00621
1.95369 0.984905 1.57264 3.00715
1.95369 0.97289 1.56429 3.00809
1.95369 0.964836 1.55617 3.00864
1.95369 0.959066 1.54992 3.00884
1.95369 0.951299 1.54446 3.00892
1.95369 0.943598 1.54367 3.00882
1.95369 0.931687 1.54349 3.00865
1.95369 0.913813 1.54347 3.00827
1.95369 0.903627 1.54689 3.00783
1.95369 0.895455 1.54894 3.00748
1.95369 0.889456 1.54819 3.0069
1.95369 0.890888 1.54588 3.00645
1.95369 0.89214 1.54365 3.0061
1.95369 0.892455 1.53846 3.00549
1.95369 0.8907 1.53348 3.0049
1.95369 0.890807 1.53211 3.00446
1.95369 0.892626 1.53183 3.00408
1.95369 0.901403 1.53113 3.00355
1.95369 0.91138 1.5296 3.00323
1.95369 0.925182 1.52696 3.00278
1.95369 0.933643 1.52743 3.00251
1.95369 0.942785 1.52957 3.00222
1.95369 0.959078 1.53334 3.00184
1.95369 0.970983 1.53556 3.00162
1.95369 0.995 1.53784 3.00133
1.95369 1.0137 1.53617 3.00115
1.95369 1.03724 1.53204 3.00093
1.95369 1.04505 1.53097 3.00079
1.95369 1.04936 1.53102 3.00062
1.95369 1.05072 1.53143 3.00052
1.95369 1.05566 1.53227 3.00039
1.95369 1.06563 1.53443 3.00031
1.95369 1.09312 1.53748 3.00021
1.95369 1.1135 1.53933 3.00016
1.95369 1.14177 1.5427 3.00009
1.95369 1.15687 1.54422 3.00004
1.95369 1.17429 1.53986 3
1.95369 1.1851 1.5353 2.99997
1.95369 1.19919 1.53183 2.99995
1.95369 1.22763 1.52889 2.99993
1.95369 1.25777 1.52905 2.99991
1.95369 1.27262 1.53146 2.9999
1.95369 1.29339 1.53906 2.99989
1.95369 1.30878 1.54438 2.99989
1.95369 1.33584 1.55123 2.99989
1.95369 1.35653 1.5524 2.99989
1.95369 1.39121 1.54544 2.99989
1.95369 1.4112 1.53868 2.99989
1.95369 1.4312 1.53364 2.9999
1.95369 1.4398 1.53237 2.9999
1.95369 1.45447 1.53188 2.99991
1.95369 1.4653 1.53131 2.99991
1.95369 1.48469 1.52611 2.99992
1.95369 1.50381 1.51778 2.99993
1.95369 1.53342 1.50277 2.99993
1.95369 1.54477 1.49424 2.99994
1.95369 1.55418 1.48302 2.99995
1.95369 1.56231 1.47448 2.99995
1.95369 1.57043 1.4647 2.99996
1.95369 1.57366 1.4574 2.99996
1.95369 1.58471 1.44179 2.99997
1.95369 1.58967 1.43048 2.99997
1.95369 1.59165 1.41266 2.99998
1.95369 1.58954 1.40085 2.99998
1.95369 1.58555 1.38347 2.99999
1.95369 1.58174 1.37134 2.99999
1.95369 1.57708 1.35067 2.99999
1.95369 1.57761 1.33412 2.99999
1.95369 1.58183 1.30401 3
1.95369 1.58177 1.2852 3
1.95369 1.57427 1.25719 3
1.95369 1.56569 1.23895 3
1.95369 1.55004 1.21115 3
1.95369 1.53962 1.19242 3
1.95369 1.52647 1.16043 3
1.95369 1.51842 1.1394 3
1.95369 1.50291 1.10445 3
1.95369 1.48994 1.08367 3
1.95369 1.47497 1.0646 3
1.95369 1.44841 1.03565 3
1.95369 1.43039 1.01584 3
1.95369 1.40371 0.985587 3
1.95369 1.38616 0.965233 3
1.95369 1.35898 0.935515 3
1.95369 1.33942 0.91712 3
1.95369 1.30812 0.891671 3
1.95369 1.28643 0.875686 3.00001
1.95369 1.25318 0.852464 3.00001
1.95369 1.23076 0.837201 3.00001
1.95369 1.19702 0.814712 3.00001
1.95369 1.17473 0.800093 3.00001
1.95369 1.14105 0.779567 3.00001
1.95369 1.11821 0.767 3.00001
1.95369 1.08354 0.749874 3.00001
1.95369 1.06025 0.73973 3.00001
1.95369 1.02246 0.725175 3.00001
1.95369 1.00217 0.718179 3.00001
1.95369 0.964189 0.707202 3.00001
1.95369 0.94044 0.701256 3.00001
1.95369 0.903975 0.693687 3.00001
1.95369 0.875966 0.688915 3.00001
1.95369 0.850583 0.685395 3.00001
1.95369 0.811601 0.681465 3
1.95369 0.785022 0.679538 3
1.95369 0.744268 0.677989 3
1.95369 0.716479 0.67783 3
1.95369 0.670261 0.679196 3
1.95369 0.641192 0.680722 3
1.95369 0.604116 0.683843 3
1.95369 0.562447 0.6885 3
1.95369 0.531568 0.692615 3
1.95369 0.484494 0.69962 2.99999
1.95369 0.444979 0.705121 2.99999
1.95369 0.401416 0.710533 2.99999
1.95369 0.369709 0.714261 2.99998
1.95369 0.322128 0.71984 2.99994
1.95369 0.290416 0.723703 2.9999
1.95369 0.242872 0.729781 2.9998
1.95369 0.211183 0.734009 2.99969
1.95369 0.163636 0.740405 2.99946
1.95369 0.131926 0.744646 2.99925
1.95369 0.0843486 0.750973 2.99884
1.95369 0.0526287 0.755192 2.99852
1.95369 0.00505559 0.761555 2.99793
1.95369 -0.026651 0.765839 2.9975
1.95369 -0.074196 0.772329 2.99675
1.95369 -0.105884 0.776671 2.99623
1.95369 -0.137566 0.781037 2.99566
1.95369 -0.185085 0.787623 2.99477
1.95369 -0.232353 0.794202 2.99376
1.95369 -0.263644 0.798559 2.99297
1.95369 -0.295099 0.802972 2.99206
1.95369 -0.34252 0.809679 2.99039
1.95369 -0.374161 0.81418 2.98922
1.95369 -0.42162 0.820953 2.98745
1.95369 -0.453258 0.825473 2.98629
1.95369 -0.500724 0.832247 2.98442
1.95369 -0.53237 0.836764 2.98306
1.95369 -0.579833 0.843553 2.98093
1.95369 -0.611471 0.848087 2.97948
1.95369 -0.658909 0.854918 2.9773
1.95369 -0.690529 0.859494 2.97569
1.95369 -0.737945 0.86637 2.97324
1.95369 -0.785358 0.873255 2.97062
1.95369 -0.81696 0.877865 2.96886
1.95369 -0.848555 0.882496 2.96703
1.95369 -0.89592 0.889462 2.96416
1.95369 -0.927481 0.894106 2.96201
1.95369 -0.974791 0.901028 2.95852
1.95369 -1.00632 0.90563 2.95616
1.95369 -1.0536 0.912539 2.95245
1.95369 -1.08512 0.917162 2.94984
1.95369 -1.13215 0.924025 2.94606
1.95369 -1.163 0.928424 2.94346
1.95369 -1.20844 0.934734 2.9398
1.95369 -1.23817 0.938737 2.93767
1.95369 -1.28207 0.944484 2.93482
1.95369 -1.31116 0.948366 2.93313
1.95369 -1.35879 0.955084 2.93027
1.95369 -1.38839 0.959446 2.92822
1.95369 -1.43316 0.966168 2.92476
1.95369 -1.46325 0.970741 2.92227
1.95369 -1.50866 0.977704 2.91798
1.95369 -1.53907 0.98242 2.91466
1.95369 -1.56953 0.987299 2.91096
1.95369 -1.61523 0.99492 2.90455
1.95369 -1.64558 1.00024 2.90006
1.95369 -1.69102 1.00842 2.89325
1.95369 -1.72111 1.01398 2.88832
1.95369 -1.76599 1.02244 2.87999
1.95369 -1.79559 1.02816 2.87305
1.95369 -1.83948 1.03692 2.86144
1.95369 -1.87189 1.04368 2.85065
1.95369 -1.90033 1.04986 2.84067
1.95369 -1.94559 1.06007 2.82332
1.95369 -1.97273 1.06636 2.81187
1.95369 -2.01215 1.07582 2.79464
1.95369 -2.04063 1.08283 2.7795
1.95369 -2.06358 1.08865 2.76565
1.95369 -2.09621 1.09708 2.74356
1.95369 -2.11742 1.10263 2.72874
1.95369 -2.14765 1.11088 2.70406
1.95369 -2.16326 1.11532 2.69017
1.95369 -2.19155 1.12356 2.66498
1.95369 -2.20522 1.1277 2.64757
1.95369 -2.22881 1.13447 2.62089
1.95369 -2.24229 1.13823 2.60261
1.95369 -2.26588 1.14487 2.57458
1.95369 -2.28336 1.14982 2.55559
1.95369 -2.30934 1.15716 2.52677
1.95369 -2.33016 1.16303 2.49952
1.95369 -2.34248 1.16652 2.48211
1.95369 -2.36311 1.17234 2.45243
1.95369 -2.3781 1.17663 2.43186
1.95369 -2.40012 1.18305 2.40242
1.95369 -2.41641 1.18783 2.38325
1.95369 -2.44096 1.19499 2.35397
1.95369 -2.45656 1.19949 2.3335
1.95369 -2.4792 1.20589 2.30274
1.95369 -2.49299 1.20973 2.28229
1.95369 -2.51653 1.2164 2.25194
1.95369 -2.53192 1.22078 2.23227
1.95369 -2.55737 1.228 2.20355
1.95369 -2.57227 1.23212 2.18486
1.95369 -2.59551 1.23839 2.15689
1.95369 -2.6118 1.24266 2.13852
1.95369 -2.63595 1.24898 2.11027
1.95369 -2.65167 1.25312 2.09085
1.95369 -2.67095 1.25825 2.0681
1.95369 -2.69458 1.26447 2.03733
1.95369 -2.71021 1.26857 2.01694
1.95369 -2.73338 1.27469 1.98697
1.95369 -2.7496 1.27901 1.9673
1.95369 -2.77305 1.28537 1.93796
1.95369 -2.78846 1.28969 1.91815
1.95369 -2.81479 1.29718 1.88603
1.95369 -2.83057 1.30162 1.86647
1.95369 -2.85473 1.3083 1.838
1.95369 -2.87163 1.31293 1.81914
1.95369 -2.8942 1.31927 1.79133
1.95369 -2.90935 1.32367 1.77297
1.95369 -2.93281 1.33063 1.74628
1.95369 -2.94978 1.33561 1.72807
1.95369 -2.97558 1.34282 1.69974
1.95369 -2.99329 1.34751 1.67821
1.95369 -3.0156 1.35348 1.65244
1.95369 -3.03119 1.35777 1.63341
1.95369 -3.05422 1.36419 1.60371
1.95369 -3.07156 1.36909 1.58398
1.95369 -3.08919 1.37406 1.56433
1.95369 -3.11257 1.38028 1.53515
1.95369 -3.12949 1.38454 1.51522
1.95369 -3.15223 1.39004 1.4849
1.95369 -3.1686 1.39414 1.4649
1.95369 -3.19234 1.40034 1.43555
1.95369 -3.20765 1.40448 1.416
1.95369 -3.23029 1.41051 1.3895
1.95369 -3.25596 1.41712 1.35881
1.95369 -3.26911 1.42054 1.34214
1.95369 -3.29416 1.42733 1.31269
1.95369 -3.30973 1.43195 1.29328
1.95369 -3.32372 1.43619 1.27358
1.95369 -3.34387 1.44219 1.245
1.95369 -3.36165 1.44723 1.21773
1.95369 -3.37395 1.45053 1.20039
1.95369 -3.38586 1.45365 1.18369
1.95369 -3.40296 1.45823 1.15937
1.95369 -3.41359 1.46125 1.14321
1.95369 -3.42878 1.46571 1.11961
1.95369 -3.44314 1.46988 1.09692
1.95369 -3.45155 1.47228 1.08103
1.95369 -3.45804 1.47411 1.06944
1.95369 -3.46885 1.4771 1.05137
1.95369 -3.47618 1.47915 1.04021
1.95369 -3.48597 1.48198 1.02463
1.95369 -3.49285 1.48401 1.01498
1.95369 -3.50018 1.48617 1.00172
1.95369 -3.50445 1.48743 0.993633
1.95369 -3.5097 1.48892 0.982574
1.95369 -3.51287 1.48979 0.975953
1.95369 -3.51695 1.49095 0.967187
1.95369 -3.51955 1.49173 0.961956
1.95369 -3.52189 1.49243 0.955874
1.95369 -3.52313 1.49282 0.952598
1.95369 -3.52329 1.49288 0.94872
1.95369 -3.52267 1.49267 0.946868
1.95369 -3.52164 1.49234 0.944559
1.95369 -3.52153 1.49232 0.943563
1.95369 -3.52154 1.49233 0.942225
1.95369 -3.52202 1.49248 0.942213
1.95369 -3.52254 1.49265 0.942291
1.95369 -3.52275 1.49272 0.942438
1.95369 -3.52232 1.49258 0.942552
1.95369 -3.52197 1.49247 0.942634
1.95369 -3.52168 1.49239 0.942679
1.95369 -3.52167 1.49239 0.942676
1.95369 -3.522 1.49251 0.942671
1.95369 -3.52227 1.4926 0.942667
1.95369 -3.52236 1.49264 0.942661
1.95369 -3.52222 1.49259 0.942659
1.95369 -3.52193 1.49249 0.942661
1.95369 -3.52174 1.49243 0.942664
1.95369 -3.52177 1.49245 0.942665
1.95369 -3.5219 1.49251 0.942666
1.95369 -3.52194 1.49267 0.942537
1.95369 -3.52145 1.49287 0.941928
1.95369 -3.52016 1.49326 0.940067
1.95369 -3.51893 1.49364 0.937713
1.95369 -3.51785 1.49401 0.935055
1.95369 -3.51641 1.49456 0.93018
1.95369 -3.51544 1.49496 0.92637
1.95369 -3.5138 1.49562 0.919224
1.95369 -3.51263 1.49604 0.913676
1.95369 -3.51075 1.49664 0.904633
1.95369 -3.50969 1.49695 0.898531
1.95369 -3.50844 1.49731 0.888458
1.95369 -3.50768 1.4976 0.880862
1.95369 -3.50705 1.49791 0.874871
1.95369 -3.50645 1.4982 0.869165
1.95369 -3.50549 1.4986 0.860748
1.95369 -3.50487 1.49879 0.855381
1.95369 -3.50423 1.49894 0.847633
1.95369 -3.50383 1.49905 0.842536
1.95369 -3.50331 1.49929 0.83502
1.95369 -3.50305 1.49945 0.830138
1.95369 -3.50273 1.4996 0.824114
1.95369 -3.50236 1.49969 0.817776
1.95369 -3.50208 1.49974 0.812762
1.95369 -3.50183 1.49977 0.806912
1.95369 -3.5016 1.4998 0.802947
1.95369 -3.50133 1.49981 0.797338
1.95369 -3.50123 1.49981 0.793811
1.95369 -3.50107 1.49984 0.7888
1.95369 -3.50096 1.49986 0.785463
1.95369 -3.50087 1.49989 0.780814
1.95369 -3.5008 1.49991 0.77785
1.95369 -3.50068 1.49993 0.773484
1.95369 -3.50063 1.49992 0.770731
1.95369 -3.50057 1.49992 0.766824
1.95369 -3.50052 1.49994 0.764111
1.95369 -3.50049 1.49997 0.760935
1.95369 -3.50046 1.5 0.758685
1.95369 -3.50039 1.50005 0.755367
1.95369 -3.50034 1.50007 0.753309
1.95369 -3.50029 1.50009 0.750342
1.95369 -3.50027 1.5001 0.748427
1.95369 -3.50025 1.50011 0.745718
1.95369 -3.50025 1.50012 0.74401
1.95369 -3.50024 1.50013 0.742385
1.95369 -3.50022 1.50015 0.740029
1.95369 -3.50021 1.50015 0.738565
1.95369 -3.50019 1.50016 0.736454
1.95369 -3.50018 1.50015 0.734898
1.95369 -3.50018 1.50011 0.733022
1.95369 -3.50019 1.50006 0.731692
1.95369 -3.5002 1.49999 0.729816
1.95369 -3.50021 1.49996 0.728616
1.95369 -3.50024 1.49995 0.726844
1.95369 -3.50024 1.49996 0.725666
1.95369 -3.50024 1.49997 0.724005
1.95369 -3.50025 1.49997 0.722976
1.95369 -3.50024 1.49996 0.721559
1.95369 -3.50022 1.49995 0.720667
1.95369 -3.5002 1.49996 0.719438
1.95369 -3.50018 1.49997 0.718676
1.95369 -3.50016 1.49998 0.71762
1.95369 -3.50015 1.49998 0.716922
1.95369 -3.50014 1.49996 0.71592
1.95369 -3.50014 1.49994 0.71529
1.95369 -3.50014 1.49993 0.714392
1.95369 -3.50014 1.49993 0.713817
1.95369 -3.50016 1.49994 0.713013
1.95369 -3.50019 1.49996 0.712503
1.95369 -3.50024 1.49999 0.711802
1.95369 -3.50025 1.5 0.711349
1.95369 -3.50026 1.50002 0.710707
1.95369 -3.50025 1.50004 0.710308
1.95369 -3.50025 1.50007 0.70973
1.95369 -3.50025 1.5001 0.709362
1.95369 -3.50026 1.50013 0.708825
1.95369 -3.50028 1.50015 0.708476
1.95369 -3.50026 1.50017 0.707975
1.95369 -3.50023 1.50016 0.707661
1.95369 -3.50019 1.50015 0.707225
1.95369 -3.50018 1.50015 0.706943
1.95369 -3.50019 1.50015 0.706543
1.95369 -3.5002 1.50016 0.706287
1.95369 -3.5002 1.50017 0.705921
1.95369 -3.5002 1.50018 0.705687
1.95369 -3.5002 1.50018 0.705352
1.95369 -3.5002 1.50018 0.705136
1.95369 -3.50022 1.50019 0.704836
1.95369 -3.50024 1.50019 0.704643
1.95369 -3.50029 1.50019 0.704344
1.95369 -3.50032 1.5002 0.704191
1.95369 -3.50034 1.50019 0.703927
1.95369 -3.50034 1.50018 0.703729
1.95369 -3.50033 1.50017 0.703581
1.95369 -3.50033 1.50017 0.703439
1.95369 -3.50033 1.50016 0.703237
1.95369 -3.50033 1.50016 0.703089
1.95369 -3.50032 1.50016 0.702915
1.95369 -3.50032 1.50017 0.702796
1.95369 -3.50029 1.50017 0.702623
1.95369 -3.50026 1.50018 0.702514
1.95369 -3.50022 1.50019 0.702362
1.95369 -3.5002 1.50019 0.702269
1.95369 -3.50019 1.50018 0.702141
1.95369 -3.50019 1.50017 0.70206
1.95369 -3.50019 1.50018 0.701951
1.95369 -3.50018 1.50019 0.701882
1.95369 -3.50015 1.50022 0.701777
1.95369 -3.50013 1.50025 0.701709
1.95369 -3.50012 1.50028 0.701612
1.95369 -3.50012 1.5003 0.701543
1.95369 -3.50012 1.50031 0.701465
1.95369 -3.50013 1.50032 0.701413
1.95369 -3.50013 1.50031 0.701337
1.95369 -3.50015 1.50028 0.70127
1.95369 -3.50016 1.50027 0.701227
1.95369 -3.5002 1.50025 0.701157
1.95369 -3.50021 1.50023 0.701114
1.95369 -3.50023 1.50021 0.70105
1.95369 -3.50023 1.5002 0.70101
1.95369 -3.50022 1.50018 0.70095
1.95369 -3.50021 1.50016 0.700913
1.95369 -3.50019 1.50015 0.700861
1.95369 -3.50017 1.50015 0.700828
1.95369 -3.50016 1.50016 0.70078
1.95369 -3.50015 1.50017 0.70075
1.95369 -3.50011 1.50019 0.700712
1.95369 -3.50008 1.50021 0.70069
1.95369 -3.50001 1.50025 0.700663
1.95369 -3.49997 1.50028 0.700646
1.95369 -3.49991 1.50031 0.700624
1.95369 -3.49988 1.50033 0.70061
1.95369 -3.49986 1.50035 0.700597
1.95369 -3.49985 1.50038 0.70058
1.95369 -3.49985 1.5004 0.700569
1.95369 -3.49986 1.50045 0.700553
1.95369 -3.49986 1.50048 0.700545
1.95369 -3.49986 1.50053 0.700532
1.95369 -3.49986 1.50056 0.700525
1.95369 -3.49986 1.50061 0.700514
1.95369 -3.49986 1.50063 0.700509
1.95369 -3.49985 1.50067 0.7005
1.95369 -3.49985 1.5007 0.700495
1.95369 -3.49986 1.50074 0.700487
1.95369 -3.49987 1.50077 0.700482
1.95369 -3.49988 1.50081 0.700475
1.95369 -3.49988 1.50082 0.700471
1.95369 -3.49987 1.50083 0.700465
1.95369 -3.49985 1.50082 0.70046
1.95369 -3.49984 1.50081 0.700454
1.95369 -3.49982 1.5008 0.70045
1.95369 -3.4998 1.50078 0.700444
1.95369 -3.4998 1.50076 0.70044
1.95369 -3.49982 1.50073 0.700433
1.95369 -3.49984 1.50069 0.700428
1.95369 -3.49986 1.50065 0.700424
1.95369 -3.49989 1.50058 0.700416
1.95369 -3.4999 1.50053 0.70041
1.95369 -3.49991 1.50045 0.700399
1.95369 -3.49991 1.5004 0.700391
1.95369 -3.49992 1.50036 0.700379
1.95369 -3.49992 1.50034 0.70037
1.95369 -3.4999 1.50032 0.700358
1.95369 -3.49988 1.50031 0.70035
1.95369 -3.49986 1.50032 0.70034
1.95369 -3.49985 1.50033 0.700334
1.95369 -3.49985 1.50034 0.700325
1.95369 -3.49986 1.50034 0.70032
1.95369 -3.49988 1.50032 0.700313
1.95369 -3.4999 1.50031 0.700309
1.95369 -3.49992 1.50028 0.700301
1.95369 -3.49994 1.50026 0.700296
1.95369 -3.49994 1.50024 0.700288
1.95369 -3.49995 1.50024 0.700282
1.95369 -3.49996 1.50026 0.700274
1.95369 -3.49997 1.50028 0.700269
1.95369 -3.49997 1.50032 0.700263
1.95369 -3.49996 1.50037 0.700257
1.95369 -3.49994 1.5004 0.700254
1.95369 -3.49991 1.50044 0.700251
1.95369 -3.49986 1.5005 0.700246
1.95369 -3.49983 1.50054 0.700244
1.95369 -3.49978 1.5006 0.70024
1.95369 -3.49975 1.50064 0.700238
1.95369 -3.49972 1.5007 0.700235
1.95369 -3.4997 1.50075 0.700233
1.95369 -3.4997 1.50081 0.70023
1.95369 -3.49969 1.50086 0.700228
1.95369 -3.49966 1.50095 0.700225
1.95369 -3.4995 1.50122 0.700217
1.95369 -3.4995 1.50129 0.700209
1.95369 -3.49951 1.50126 0.700206
1.95369 -3.49952 1.50124 0.700205
1.95369 -3.49954 1.50121 0.700203
1.95369 -3.49957 1.50116 0.7002
1.95369 -3.49957 1.50113 0.700198
1.95369 -3.49959 1.50108 0.700195
1.95369 -3.49961 1.50102 0.700192
1.95369 -3.49962 1.50098 0.700189
1.95369 -3.49962 1.50093 0.700187
1.95369 -3.49961 1.50086 0.700183
1.95369 -3.49961 1.50082 0.700181
1.95369 -3.49963 1.50079 0.700177
1.95369 -3.49965 1.50077 0.700174
1.95369 -3.49967 1.50076 0.70017
1.95369 -3.49968 1.50077 0.700168
1.95369 -3.49968 1.50078 0.700165
1.95369 -3.49967 1.50081 0.700161
1.95369 -3.49968 1.50083 0.700159
1.95369 -3.49969 1.50086 0.700158
1.95369 -3.49969 1.50091 0.700155
1.95369 -3.49969 1.50095 0.700154
1.95369 -3.49968 1.50099 0.700152
1.95369 -3.49968 1.50102 0.700151
1.95369 -3.49969 1.50105 0.700149
1.95369 -3.49972 1.50108 0.700148
1.95369 -3.49977 1.50112 0.700146
1.95369 -3.49981 1.50113 0.700145
1.95369 -3.49984 1.50113 0.700144
1.95369 -3.49989 1.5011 0.700143
1.95369 -3.49992 1.50108 0.700142
1.95369 -3.49994 1.50103 0.70014
1.95369 -3.50001 1.50092 0.700129
1.95369 -3.50001 1.5009 0.700127
1.95369 -3.50001 1.50088 0.700126
1.95369 -3.50001 1.50086 0.700124
1.95369 -3.50002 1.50084 0.700122
1.95369 -3.50004 1.50081 0.70012
1.95369 -3.50006 1.50078 0.700119
1.95369 -3.5001 1.50075 0.700117
1.95369 -3.50014 1.50072 0.700115
1.95369 -3.5002 1.50069 0.700113
1.95369 -3.50021 1.50069 0.700112
1.95369 -3.50023 1.50069 0.700111
1.95369 -3.50024 1.5007 0.700109
1.95369 -3.50024 1.50072 0.700108
1.95369 -3.50021 1.50075 0.700107
1.95369 -3.50019 1.50077 0.700106
1.95369 -3.50013 1.50081 0.700104
1.95369 -3.50008 1.50084 0.700103
1.95369 -3.50004 1.50087 0.700103
1.95369 -3.49999 1.50089 0.700101
1.95369 -3.49997 1.5009 0.7001
1.95369 -3.49996 1.50089 0.7001
1.95369 -3.49994 1.50087 0.700099
1.95369 -3.49992 1.50083 0.700098
1.95369 -3.49991 1.50079 0.700096
1.95369 -3.4999 1.50076 0.700095
1.95369 -3.4999 1.50074 0.700093
1.95369 -3.49989 1.50073 0.700092
1.95369 -3.49989 1.50072 0.70009
1.95369 -3.49989 1.50071 0.700089
1.95369 -3.4999 1.50069 0.700088
1.95369 -3.4999 1.50068 0.700087
1.95369 -3.49994 1.50068 0.700085
1.95369 -3.49996 1.50068 0.700084
1.95369 -3.5 1.50067 0.700083
1.95369 -3.50001 1.50067 0.700082
1.95369 -3.50003 1.50067 0.700081
1.95369 -3.50004 1.50068 0.700081
1.95369 -3.50005 1.50067 0.70008
1.95369 -3.50005 1.50067 0.700079
1.95369 -3.50005 1.50066 0.700078
1.95369 -3.50006 1.50065 0.700078
1.95369 -3.50008 1.50066 0.700077
1.95369 -3.50008 1.50067 0.700076
1.95369 -3.50008 1.50071 0.700076
1.95369 -3.50007 1.50074 0.700075
1.95369 -3.50006 1.50079 0.700075
1.95369 -3.50005 1.50082 0.700074
1.95369 -3.50004 1.50086 0.700074
1.95369 -3.50002 1.50089 0.700074
1.95369 -3.5 1.50091 0.700074
1.95369 -3.49997 1.5009 0.700073
1.95369 -3.49995 1.50089 0.700073
1.95369 -3.49993 1.50086 0.700072
1.95369 -3.49993 1.50084 0.700072
1.95369 -3.49994 1.50083 0.700071
1.95369 -3.49995 1.50082 0.70007
1.95369 -3.49995 1.50088 0.700069
1.95369 -3.49995 1.50088 0.700069
1.95369 -3.49991 1.50095 0.700068
1.95369 -3.49988 1.501 0.700068
1.95369 -3.49982 1.50108 0.700067
1.95369 -3.49977 1.50112 0.700067
1.95369 -3.49971 1.5012 0.700067
1.95369 -3.49966 1.50126 0.700066
1.95369 -3.49963 1.50131 0.700066
1.95369 -3.4996 1.50137 0.700066
1.95369 -3.49958 1.50141 0.700066
1.95369 -3.49955 1.50143 0.700065
1.95369 -3.49952 1.50142 0.700065
1.95369 -3.49948 1.5014 0.700064
1.95369 -3.49946 1.50137 0.700064
1.95369 -3.49945 1.50134 0.700063
1.95369 -3.49947 1.50129 0.700062
1.95369 -3.4995 1.50125 0.700061
1.95369 -3.49954 1.5012 0.70006
1.95369 -3.4996 1.50112 0.700059
1.95369 -3.49964 1.50107 0.700059
1.95369 -3.4997 1.501 0.700058
1.95369 -3.49974 1.50095 0.700057
1.95369 -3.49981 1.50089 0.700056
1.95369 -3.49992 1.50083 0.700054
1.95369 -3.49997 1.50081 0.700053
1.95369 -3.5 1.50078 0.700053
1.95369 -3.5 1.50075 0.700053
1.95369 -3.49999 1.50074 0.700052
1.95369 -3.49997 1.50073 0.700052
1.95369 -3.49995 1.50071 0.700051
1.95369 -3.49995 1.50071 0.700051
1.95369 -3.49996 1.50069 0.70005
1.95369 -3.49997 1.5007 0.70005
1.95369 -3.49999 1.5007 0.70005
1.95369 -3.5 1.50072 0.70005
1.95369 -3.5 1.50074 0.70005
1.95369 -3.49998 1.50078 0.70005
1.95369 -3.49996 1.50079 0.70005
1.95369 -3.49993 1.50078 0.70005
1.95369 -3.49991 1.50077 0.700049
1.95369 -3.49988 1.50076 0.700049
1.95369 -3.49986 1.50075 0.700049
1.95369 -3.49983 1.50076 0.700048
1.95369 -3.49983 1.50076 0.700048
1.95369 -3.49981 1.50078 0.700047
1.95369 -3.4998 1.50081 0.700047
1.95369 -3.49978 1.50085 0.700046
1.95369 -3.49977 1.50087 0.700046
1.95369 -3.49972 1.50091 0.700046
1.95369 -3.49969 1.50093 0.700046
1.95369 -3.49965 1.50099 0.700045
1.95369 -3.49963 1.50102 0.700045
1.95369 -3.49961 1.50106 0.700045
1.95369 -3.49959 1.50109 0.700045
1.95369 -3.49957 1.50109 0.700045
1.95369 -3.49954 1.50105 0.700045
1.95369 -3.49952 1.50104 0.700045
1.95369 -3.49949 1.50099 0.700045
1.95369 -3.49945 1.50094 0.700044
1.95369 -3.49944 1.50093 0.700043
1.95369 -3.49944 1.5009 0.700042
1.95369 -3.49944 1.50086 0.700041
1.95369 -3.49944 1.50082 0.70004
1.95369 -3.49944 1.50077 0.700039
1.95369 -3.49944 1.50074 0.700038
1.95369 -3.49944 1.5007 0.700037
1.95369 -3.49943 1.50068 0.700036
1.95369 -3.49941 1.50066 0.700034
1.95369 -3.4994 1.50065 0.700033
1.95369 -3.49937 1.50065 0.700031
1.95369 -3.49934 1.50066 0.70003
1.95369 -3.49933 1.50065 0.700029
1.95369 -3.49934 1.50063 0.700028
1.95369 -3.49936 1.5006 0.700027
1.95369 -3.49938 1.50059 0.700026
1.95369 -3.49942 1.50056 0.700025
1.95369 -3.49945 1.50055 0.700025
1.95369 -3.49948 1.50052 0.700024
1.95369 -3.49951 1.50051 0.700023
1.95369 -3.49955 1.50048 0.700022
1.95369 -3.49959 1.50046 0.700021
1.95369 -3.49964 1.50042 0.700021
1.95369 -3.49968 1.50038 0.70002
1.95369 -3.49975 1.50033 0.700019
1.95369 -3.49979 1.50029 0.700018
1.95369 -3.49985 1.50025 0.700017
1.95369 -3.49989 1.50024 0.700016
1.95369 -3.49993 1.50025 0.700014
1.95369 -3.49995 1.50027 0.700013
1.95369 -3.49996 1.50033 0.700012
1.95369 -3.49995 1.50038 0.700012
1.95369 -3.4999 1.50045 0.700011
1.95369 -3.49985 1.50049 0.700011
1.95369 -3.49976 1.50056 0.700011
1.95369 -3.4997 1.50061 0.700012
1.95369 -3.49962 1.50067 0.700012
1.95369 -3.49956 1.50069 0.700012
1.95369 -3.4995 1.5007 0.700012
1.95369 -3.49942 1.50069 0.700012
1.95369 -3.49937 1.50068 0.700011
1.95369 -3.49935 1.50067 0.700011
1.95369 -3.49935 1.50066 0.700011
1.95369 -3.49936 1.50065 0.70001
1.95369 -3.49939 1.50062 0.70001
1.95369 -3.49943 1.50059 0.70001
1.95369 -3.49948 1.50056 0.700009
1.95369 -3.49957 1.5005 0.700009
1.95369 -3.49963 1.50046 0.700008
1.95369 -3.49971 1.50041 0.700008
1.95369 -3.49976 1.5004 0.700007
1.95369 -3.49981 1.50038 0.700006
1.95369 -3.49983 1.50038 0.700006
1.95369 -3.49986 1.50038 0.700006
1.95369 -3.4999 1.50037 0.700005
1.95369 -3.49997 1.50036 0.700005
1.95369 -3.50002 1.50035 0.700005
1.95369 -3.50007 1.50034 0.700005
1.95369 -3.5001 1.50033 0.700005
1.95369 -3.50012 1.50033 0.700005
1.95369 -3.50012 1.50035 0.700005
1.95369 -3.50012 1.50039 0.700005
1.95369 -3.50011 1.50043 0.700005
1.95369 -3.50009 1.5005 0.700006
1.95369 -3.5001 1.50055 0.700006
1.95369 -3.50011 1.50058 0.700007
1.95369 -3.50014 1.50061 0.700007
1.95369 -3.50018 1.50065 0.700008
1.95369 -3.50023 1.5007 0.700009
1.95369 -3.50026 1.50073 0.70001
1.95369 -3.50029 1.50076 0.700011
1.95369 -3.50037 1.50082 0.700013
1.95369 -3.50039 1.50084 0.700014
1.95369 -3.50045 1.50088 0.700015
1.95369 -3.50048 1.50089 0.700016
1.95369 -3.50052 1.50089 0.700018
1.95369 -3.50054 1.50088 0.700019
1.95369 -3.50055 1.50085 0.70002
1.95369 -3.50054 1.50082 0.700021
1.95369 -3.50052 1.50079 0.700022
1.95369 -3.50051 1.50076 0.700022
1.95369 -3.50051 1.50073 0.700023
1.95369 -3.50052 1.5007 0.700023
1.95369 -3.50053 1.50068 0.700023
1.95369 -3.50054 1.50067 0.700023
1.95369 -3.50055 1.50068 0.700023
1.95369 -3.50055 1.50069 0.700023
1.95369 -3.50055 1.5007 0.700024
1.95369 -3.50055 1.5007 0.700024
1.95369 -3.50054 1.5007 0.700025
1.95369 -3.50053 1.50069 0.700025
1.95369 -3.50051 1.50068 0.700025
1.95369 -3.50047 1.50065 0.700025
1.95369 -3.50044 1.50062 0.700025
1.95369 -3.50042 1.50059 0.700025
1.95369 -3.50041 1.50055 0.700025
1.95369 -3.5004 1.50053 0.700025
1.95369 -3.50039 1.50051 0.700024
1.95369 -3.50035 1.50049 0.700024
1.95369 -3.50029 1.50047 0.700023
1.95369 -3.50023 1.50045 0.700022
1.95369 -3.5002 1.50043 0.700022
1.95369 -3.50014 1.5004 0.700021
1.95369 -3.50011 1.50038 0.70002
1.95369 -3.50008 1.50034 0.700019
1.95369 -3.50007 1.50032 0.700018
1.95369 -3.50004 1.5003 0.700017
1.95369 -3.50001 1.50029 0.700017
1.95369 -3.49994 1.50029 0.700015
1.95369 -3.4999 1.5003 0.700015
1.95369 -3.49986 1.50031 0.700014
1.95369 -3.49985 1.50032 0.700014
1.95369 -3.49984 1.50035 0.700013
1.95369 -3.49985 1.50037 0.700013
1.95369 -3.49986 1.5004 0.700013
1.95369 -3.49988 1.50044 0.700013
1.95369 -3.49992 1.50048 0.700013
1.95369 -3.49995 1.50049 0.700013
1.95369 -3.49999 1.50052 0.700014
1.95369 -3.5 1.50052 0.700014
1.95369 -3.50001 1.50052 0.700015
1.95369 -3.50001 1.50052 0.700015
1.95369 -3.5 1.50051 0.700015
1.95369 -3.49999 1.50051 0.700015
1.95369 -3.49997 1.5005 0.700015
1.95369 -3.49995 1.50049 0.700016
1.95369 -3.49993 1.50048 0.700016
1.95369 -3.49993 1.50048 0.700016
1.95369 -3.49993 1.50049 0.700016
1.95369 -3.49993 1.5005 0.700016
1.95369 -3.49991 1.50052 0.700016
1.95369 -3.4999 1.50053 0.700016
1.95369 -3.49987 1.50053 0.700016
1.95369 -3.49985 1.50054 0.700016
1.95369 -3.49983 1.50057 0.700016
1.95369 -3.49983 1.50058 0.700016
1.95369 -3.49982 1.5006 0.700017
1.95369 -3.49982 1.5006 0.700017
1.95369 -3.49982 1.50059 0.700017
1.95369 -3.49981 1.50058 0.700017
1.95369 -3.4998 1.50056 0.700017
1.95369 -3.49977 1.50054 0.700017
1.95369 -3.49977 1.50053 0.700017
1.95369 -3.49978 1.50053 0.700017
1.95369 -3.49979 1.50053 0.700017
1.95369 -3.49981 1.50053 0.700017
1.95369 -3.49985 1.50053 0.700017
1.95369 -3.49987 1.50051 0.700017
1.95369 -3.49989 1.50049 0.700017
1.95369 -3.49989 1.50048 0.700017
1.95369 -3.49989 1.50047 0.700016
1.95369 -3.49989 1.50047 0.700016
1.95369 -3.49989 1.50046 0.700016
1.95369 -3.49988 1.50045 0.700016
1.95369 -3.49986 1.50043 0.700016
1.95369 -3.49985 1.50042 0.700016
1.95369 -3.49984 1.50041 0.700016
1.95369 -3.49985 1.50041 0.700016
1.95369 -3.49987 1.50043 0.700016
1.95369 -3.49991 1.50046 0.700016
1.95369 -3.49993 1.50048 0.700016
1.95369 -3.49995 1.5005 0.700016
1.95369 -3.49998 1.50052 0.700017
1.95369 -3.49998 1.50052 0.700017
1.95369 -3.49999 1.50051 0.700017
1.95369 -3.49997 1.50049 0.700017
1.95369 -3.49996 1.50048 0.700017
1.95369 -3.49994 1.50047 0.700018
1.95369 -3.49993 1.50047 0.700018
1.95369 -3.49993 1.5005 0.700018
1.95369 -3.49993 1.50052 0.700018
1.95369 -3.49993 1.50054 0.700018
1.95369 -3.49994 1.50057 0.700019
1.95369 -3.49995 1.50059 0.700019
1.95369 -3.49997 1.50064 0.70002
1.95369 -3.49998 1.50067 0.70002
1.95369 -3.49999 1.50072 0.700021
1.95369 -3.49999 1.50075 0.700021
1.95369 -3.49998 1.50079 0.700022
1.95369 -3.49997 1.50083 0.700023
1.95369 -3.49992 1.50089 0.700024
1.95369 -3.49988 1.50093 0.700024
1.95369 -3.49982 1.50099 0.700026
1.95369 -3.4998 1.50103 0.700026
1.95369 -3.49976 1.5011 0.700028
1.95369 -3.49974 1.50114 0.700029
1.95369 -3.49972 1.5012 0.70003
1.95369 -3.49971 1.50124 0.700031
1.95369 -3.4997 1.50128 0.700033
1.95369 -3.49968 1.50131 0.700034
1.95369 -3.49965 1.50132 0.700035
1.95369 -3.49964 1.50132 0.700036
1.95369 -3.49963 1.50131 0.700038
1.95369 -3.49961 1.50132 0.700038
1.95369 -3.49959 1.50134 0.70004
1.95369 -3.49958 1.50136 0.70004
1.95369 -3.49955 1.50138 0.700042
1.95369 -3.49954 1.50141 0.700043
1.95369 -3.49953 1.50142 0.700044
1.95369 -3.49952 1.50144 0.700045
1.95369 -3.4995 1.50146 0.700047
1.95369 -3.49948 1.50146 0.700048
1.95369 -3.49944 1.50147 0.700049
1.95369 -3.49942 1.50147 0.70005
1.95369 -3.49938 1.50145 0.700051
1.95369 -3.49936 1.50144 0.700052
1.95369 -3.49934 1.50141 0.700053
1.95369 -3.49934 1.50141 0.700054
1.95369 -3.49936 1.50139 0.700055
1.95369 -3.49938 1.50137 0.700056
1.95369 -3.49943 1.50134 0.700057
1.95369 -3.49947 1.50132 0.700057
1.95369 -3.49953 1.50128 0.700057
1.95369 -3.49956 1.50124 0.700058
1.95369 -3.49961 1.50118 0.700058
1.95369 -3.49963 1.50114 0.700058
1.95369 -3.49965 1.50108 0.700057
1.95369 -3.49967 1.50105 0.700057
1.95369 -3.49969 1.50101 0.700057
1.95369 -3.49969 1.50099 0.700057
1.95369 -3.4997 1.50097 0.700057
1.95369 -3.49967 1.50093 0.700057
1.95369 -3.49963 1.5009 0.700057
1.95369 -3.49961 1.50088 0.700057
1.95369 -3.4996 1.50084 0.700057
1.95369 -3.49961 1.50082 0.700057
1.95369 -3.49964 1.5008 0.700057
1.95369 -3.49966 1.5008 0.700056
1.95369 -3.49971 1.5008 0.700056
1.95369 -3.49974 1.5008 0.700056
1.95369 -3.49981 1.5008 0.700056
1.95369 -3.49986 1.5008 0.700056
1.95369 -3.4999 1.5008 0.700056
1.95369 -3.49997 1.50081 0.700056
1.95369 -3.50001 1.50082 0.700056
1.95369 -3.50006 1.50084 0.700056
1.95369 -3.50009 1.50086 0.700056
1.95369 -3.50012 1.50087 0.700056
1.95369 -3.50012 1.50087 0.700056
1.95369 -3.50012 1.50086 0.700056
1.95369 -3.50011 1.50086 0.700056
1.95369 -3.50009 1.50086 0.700057
1.95369 -3.50007 1.50087 0.700057
1.95369 -3.50004 1.50088 0.700057
1.95369 -3.50003 1.50088 0.700058
1.95369 -3.50001 1.50088 0.700058
1.95369 -3.50001 1.50087 0.700059
1.95369 -3.50001 1.50084 0.700059
1.95369 -3.50002 1.50082 0.70006
1.95369 -3.50004 1.5008 0.70006
1.95369 -3.50006 1.50079 0.70006
1.95369 -3.50009 1.50079 0.70006
1.95369 -3.50011 1.50079 0.700059
1.95369 -3.50011 1.5008 0.700059
1.95369 -3.5001 1.50081 0.70006
1.95369 -3.50005 1.50084 0.70006
1.95369 -3.5 1.50085 0.70006
1.95369 -3.49993 1.50087 0.700061
1.95369 -3.4999 1.50087 0.700062
1.95369 -3.49987 1.50084 0.700063
1.95369 -3.49986 1.50081 0.700063
1.95369 -3.49987 1.50075 0.700063
1.95369 -3.49988 1.5007 0.700064
1.95369 -3.4999 1.50063 0.700063
1.95369 -3.49992 1.50058 0.700063
1.95369 -3.49993 1.50051 0.700061
1.95369 -3.49994 1.50047 0.70006
1.95369 -3.49997 1.50041 0.700059
1.95369 -3.5 1.50038 0.700057
1.95369 -3.50002 1.50036 0.700055
1.95369 -3.50007 1.50035 0.700053
1.95369 -3.50009 1.50035 0.700051
1.95369 -3.50013 1.50037 0.700049
1.95369 -3.50014 1.50039 0.700048
1.95369 -3.50016 1.5004 0.700047
1.95369 -3.50017 1.5004 0.700046
1.95369 -3.50019 1.50042 0.700045
1.95369 -3.5002 1.50044 0.700045
1.95369 -3.5002 1.50047 0.700045
1.95369 -3.5002 1.50048 0.700045
1.95369 -3.50018 1.5005 0.700045
1.95369 -3.50016 1.50051 0.700045
1.95369 -3.50013 1.50052 0.700045
1.95369 -3.50012 1.50054 0.700045
1.95369 -3.50011 1.50058 0.700045
1.95369 -3.50009 1.5006 0.700046
1.95369 -3.50006 1.50063 0.700046
1.95369 -3.50003 1.50064 0.700047
1.95369 -3.49998 1.50064 0.700047
1.95369 -3.49994 1.50063 0.700048
1.95369 -3.49989 1.50061 0.700048
1.95369 -3.49987 1.50061 0.700049
1.95369 -3.49987 1.50061 0.700049
1.95369 -3.49987 1.50061 0.700049
1.95369 -3.49987 1.50061 0.70005
1.95369 -3.49987 1.5006 0.70005
1.95369 -3.49986 1.5006 0.70005
1.95369 -3.49986 1.50061 0.70005
1.95369 -3.49986 1.50063 0.70005
1.95369 -3.49985 1.50068 0.700051
1.95369 -3.49984 1.50071 0.700051
1.95369 -3.49982 1.50075 0.700052
1.95369 -3.49981 1.50077 0.700052
1.95369 -3.49982 1.5008 0.700053
1.95369 -3.49983 1.50082 0.700054
1.95369 -3.49983 1.50085 0.700055
1.95369 -3.49984 1.50087 0.700055
1.95369 -3.49985 1.50091 0.700056
1.95369 -3.49985 1.50093 0.700057
1.95369 -3.49985 1.50095 0.700058
1.95369 -3.49984 1.50096 0.700059
1.95369 -3.49984 1.50096 0.70006
1.95369 -3.49982 1.50092 0.700061
1.95369 -3.49981 1.50091 0.700061
1.95369 -3.49979 1.50087 0.700061
1.95369 -3.49976 1.50084 0.700061
1.95369 -3.49973 1.50081 0.700061
1.95369 -3.49968 1.50078 0.700061
1.95369 -3.49966 1.50076 0.700061
1.95369 -3.49962 1.50074 0.700061
1.95369 -3.4996 1.50074 0.700061
1.95369 -3.49959 1.50073 0.700062
1.95369 -3.49957 1.50073 0.700062
1.95369 -3.49957 1.50073 0.700062
1.95369 -3.49957 1.50071 0.700062
1.95369 -3.49958 1.50069 0.700062
1.95369 -3.49961 1.50068 0.700062
1.95369 -3.49963 1.50067 0.700062
1.95369 -3.49969 1.50065 0.700061
1.95369 -3.49974 1.50064 0.700061
1.95369 -3.49983 1.50061 0.70006
1.95369 -3.49988 1.50059 0.70006
1.95369 -3.49993 1.50056 0.700059
1.95369 -3.49996 1.50053 0.700058
1.95369 -3.50001 1.50047 0.700056
1.95369 -3.50003 1.50044 0.700055
1.95369 -3.50006 1.50039 0.700053
1.95369 -3.50009 1.50036 0.700052
1.95369 -3.50011 1.50032 0.700049
1.95369 -3.50013 1.5003 0.700047
1.95369 -3.50015 1.50028 0.700044
1.95369 -3.50017 1.50027 0.700042
1.95369 -3.50019 1.50027 0.70004
1.95369 -3.50022 1.5003 0.700038
1.95369 -3.50023 1.50032 0.700037
1.95369 -3.50024 1.50036 0.700036
1.95369 -3.50023 1.5004 0.700036
1.95369 -3.50022 1.50046 0.700036
1.95369 -3.50021 1.50049 0.700036
1.95369 -3.50018 1.50052 0.700037
1.95369 -3.50015 1.50053 0.700037
1.95369 -3.50011 1.50054 0.700038
1.95369 -3.50009 1.50055 0.700038
1.95369 -3.50007 1.50056 0.700039
1.95369 -3.50007 1.50057 0.700039
1.95369 -3.50007 1.50059 0.70004
1.95369 -3.50008 1.5006 0.70004
1.95369 -3.50012 1.50062 0.700041
1.95369 -3.50015 1.50062 0.700041
1.95369 -3.50018 1.50063 0.700042
1.95369 -3.50022 1.50065 0.700042
1.95369 -3.50024 1.50065 0.700042
1.95369 -3.50024 1.50066 0.700043
1.95369 -3.50023 1.50066 0.700043
1.95369 -3.50021 1.50065 0.700043
1.95369 -3.50021 1.50065 0.700044
1.95369 -3.50022 1.50065 0.700044
1.95369 -3.50024 1.50065 0.700044
1.95369 -3.50025 1.50064 0.700044
1.95369 -3.50028 1.50064 0.700044
1.95369 -3.50029 1.50064 0.700044
1.95369 -3.50031 1.50065 0.700044
1.95369 -3.50032 1.50066 0.700045
1.95369 -3.50032 1.50071 0.700045
1.95369 -3.50031 1.50074 0.700045
1.95369 -3.5003 1.50077 0.700046
1.95369 -3.50029 1.5008 0.700047
1.95369 -3.50028 1.50083 0.700048
1.95369 -3.50028 1.50086 0.700049
