1.93927 3.79905 0.309852 0.700128
1.93927 3.79904 0.30976 0.700128
1.93927 3.79903 0.309703 0.700128
1.93927 3.799 0.309591 0.700127
1.93927 3.79898 0.309516 0.700127
1.93927 3.79895 0.30941 0.700127
1.93927 3.79894 0.309342 0.700127
1.93927 3.79895 0.309241 0.700126
1.93927 3.79895 0.309179 0.700126
1.93927 3.79897 0.309095 0.700126
1.93927 3.79897 0.30905 0.700126
1.93927 3.79897 0.308985 0.700126
1.93927 3.79897 0.308936 0.700126
1.93927 3.79897 0.308858 0.700125
1.93927 3.79897 0.308795 0.700125
1.93927 3.79898 0.308677 0.700125
1.93927 3.79898 0.308588 0.700125
1.93927 3.79896 0.308454 0.700125
1.93927 3.79893 0.308296 0.700125
1.93927 3.79892 0.308215 0.700125
1.93927 3.79891 0.30808 0.700125
1.93927 3.79891 0.308 0.700125
1.93927 3.79891 0.307922 0.700125
1.93927 3.79892 0.307821 0.700125
1.93927 3.79892 0.307728 0.700125
1.93927 3.79892 0.307664 0.700125
1.93927 3.79892 0.307557 0.700125
1.93927 3.79891 0.307493 0.700125
1.93927 3.79891 0.307435 0.700125
1.93927 3.79891 0.307371 0.700125
1.93927 3.79891 0.30734 0.700125
1.93927 3.79892 0.307288 0.700125
1.93927 3.79894 0.307249 0.700125
1.93927 3.79897 0.307185 0.700125
1.93927 3.79899 0.307138 0.700125
1.93927 3.79902 0.307076 0.700125
1.93927 3.79904 0.307041 0.700126
1.93927 3.79906 0.306992 0.700126
1.93927 3.79907 0.306962 0.700126
1.93927 3.79908 0.306917 0.700126
1.93927 3.79908 0.306879 0.700127
1.93927 3.79908 0.306805 0.700127
1.93927 3.79908 0.306753 0.700127
1.93927 3.79908 0.306688 0.700127
1.93927 3.79907 0.306653 0.700127
1.93927 3.79905 0.306628 0.700128
1.93927 3.79902 0.306607 0.700128
1.93927 3.79899 0.306606 0.700127
1.93927 3.79898 0.306612 0.700127
1.93927 3.79898 0.306625 0.700127
1.93927 3.79897 0.306629 0.700127
1.93927 3.79898 0.306635 0.700126
1.93927 3.79899 0.306641 0.700126
1.93927 3.799 0.306644 0.700126
1.93927 3.79903 0.306639 0.700125
1.93927 3.79905 0.306627 0.700125
1.93927 3.79909 0.306591 0.700125
1.93927 3.79911 0.306554 0.700125
1.93927 3.79913 0.306485 0.700125
1.93927 3.79914 0.306433 0.700125
1.93927 3.79915 0.306362 0.700125
1.93927 3.79915 0.306311 0.700125
1.93927 3.79915 0.30627 0.700126
1.93927 3.79915 0.306248 0.700126
1.93927 3.79913 0.306236 0.700126
1.93927 3.79913 0.306237 0.700126
1.93927 3.79912 0.306246 0.700126
1.93927 3.79912 0.306255 0.700126
1.93927 3.79911 0.306272 0.700126
1.93927 3.79911 0.306285 0.700126
1.93927 3.79911 0.306296 0.700125
1.93927 3.7991 0.306302 0.700125
1.93927 3.7991 0.306309 0.700125
1.93927 3.7991 0.306306 0.700125
1.93927 3.79912 0.306291 0.700124
1.93927 3.79914 0.306273 0.700124
1.93927 3.79917 0.306256 0.700124
1.93927 3.79923 0.306217 0.700124
1.93927 3.79929 0.306169 0.700124
1.93927 3.79932 0.30614 0.700125
1.93927 3.79934 0.306101 0.700125
1.93927 3.79936 0.306078 0.700126
1.93927 3.79937 0.306048 0.700126
1.93927 3.79937 0.306033 0.700127
1.93927 3.79938 0.306025 0.700127
1.93927 3.7994 0.306026 0.700128
1.93927 3.7994 0.306018 0.700128
1.93927 3.79939 0.306008 0.700128
1.93927 3.79937 0.305984 0.700128
1.93927 3.79934 0.305971 0.700129
1.93927 3.7993 0.305961 0.700129
1.93927 3.79927 0.305965 0.700129
1.93927 3.79924 0.305976 0.700128
1.93927 3.79921 0.305987 0.700128
1.93927 3.79916 0.305995 0.700128
1.93927 3.79913 0.305989 0.700127
1.93927 3.79912 0.305982 0.700127
1.93927 3.79911 0.305976 0.700127
1.93927 3.7991 0.305962 0.700127
1.93927 3.79909 0.30595 0.700126
1.93927 3.7991 0.305937 0.700126
1.93927 3.79911 0.305907 0.700126
1.93927 3.79912 0.305868 0.700126
1.93927 3.79912 0.305835 0.700126
1.93927 3.79912 0.305799 0.700126
1.93927 3.7991 0.30576 0.700126
1.93927 3.79909 0.305745 0.700127
1.93927 3.79909 0.305727 0.700127
1.93927 3.79911 0.30571 0.700127
1.93927 3.79913 0.305681 0.700127
1.93927 3.79915 0.30565 0.700128
1.93927 3.79912 0.305633 0.700133
1.93927 3.79852 0.305639 0.700168
1.93927 3.79584 0.305744 0.700353
1.93927 3.7925 0.306052 0.70065
1.93927 3.78799 0.306716 0.701076
1.93927 3.78306 0.30764 0.701603
1.93927 3.77226 0.310106 0.702875
1.93927 3.76591 0.311755 0.703709
1.93927 3.75235 0.315587 0.705658
1.93927 3.74409 0.318073 0.706951
1.93927 3.72986 0.322571 0.709381
1.93927 3.71411 0.327781 0.712154
1.93927 3.70162 0.33201 0.714392
1.93927 3.68134 0.339065 0.718251
1.93927 3.66675 0.344236 0.721079
1.93927 3.64327 0.35269 0.725855
1.93927 3.62664 0.358773 0.729371
1.93927 3.60017 0.368622 0.735062
1.93927 3.58146 0.375695 0.739293
1.93927 3.55204 0.386936 0.746186
1.93927 3.53131 0.394553 0.75124
1.93927 3.4983 0.405001 0.758894
1.93927 3.47505 0.410805 0.764527
1.93927 3.43871 0.417708 0.774332
1.93927 3.41364 0.420703 0.781637
1.93927 3.37504 0.423881 0.793367
1.93927 3.3487 0.424909 0.802161
1.93927 3.32196 0.425333 0.811717
1.93927 3.28108 0.426029 0.827323
1.93927 3.25353 0.42776 0.838793
1.93927 3.2125 0.433927 0.857206
1.93927 3.18609 0.439857 0.870286
1.93927 3.14869 0.448846 0.890742
1.93927 3.12486 0.451886 0.903981
1.93927 3.08895 0.448944 0.925462
1.93927 3.06541 0.443324 0.940518
1.93927 3.03047 0.434587 0.963908
1.93927 3.00564 0.432048 0.980162
1.93927 2.97393 0.433739 1.00483
1.93927 2.9551 0.436759 1.0216
1.93927 2.9274 0.440193 1.04782
1.93927 2.90896 0.440259 1.06605
1.93927 2.88278 0.439198 1.09431
1.93927 2.86602 0.440476 1.1136
1.93927 2.83995 0.448395 1.14195
1.93927 2.82247 0.45239 1.16086
1.93927 2.79895 0.449913 1.18927
1.93927 2.78183 0.443671 1.2088
1.93927 2.75676 0.429485 1.23773
1.93927 2.7401 0.419674 1.2572
1.93927 2.71657 0.414859 1.28764
1.93927 2.70424 0.419482 1.30771
1.93927 2.68342 0.430537 1.33758
1.93927 2.66917 0.436465 1.35736
1.93927 2.64907 0.442018 1.38694
1.93927 2.63514 0.44402 1.40669
1.93927 2.61398 0.449971 1.43579
1.93927 2.60067 0.455498 1.4549
1.93927 2.58191 0.457429 1.48409
1.93927 2.56674 0.455957 1.50443
1.93927 2.5452 0.449427 1.53478
1.93927 2.53049 0.44261 1.55518
1.93927 2.50877 0.430251 1.58521
1.93927 2.49394 0.422965 1.6052
1.93927 2.47229 0.414267 1.63444
1.93927 2.45722 0.413832 1.65449
1.93927 2.43617 0.420261 1.68394
1.93927 2.42226 0.425261 1.70275
1.93927 2.40194 0.432624 1.73183
1.93927 2.38847 0.436741 1.75109
1.93927 2.36874 0.444427 1.77966
1.93927 2.35501 0.450972 1.79864
1.93927 2.33418 0.461485 1.82665
1.93927 2.31926 0.46348 1.84517
1.93927 2.29669 0.45926 1.87315
1.93927 2.28042 0.453633 1.89382
1.93927 2.26094 0.444467 1.9186
1.93927 2.24564 0.438775 1.93683
1.93927 2.22185 0.439243 1.96525
1.93927 2.20682 0.446471 1.98485
1.93927 2.18641 0.461151 2.01354
1.93927 2.17199 0.469988 2.03262
1.93927 2.15208 0.480928 2.06124
1.93927 2.13894 0.487035 2.08036
1.93927 2.11934 0.49326 2.10823
1.93927 2.10513 0.492846 2.12641
1.93927 2.08137 0.490768 2.15453
1.93927 2.0658 0.489407 2.17387
1.93927 2.04331 0.49133 2.2034
1.93927 2.02916 0.497829 2.22333
1.93927 2.01027 0.512389 2.25204
1.93927 1.99807 0.522311 2.27056
1.93927 1.97824 0.537626 2.29873
1.93927 1.96421 0.542495 2.31745
1.93927 1.94168 0.538773 2.34603
1.93927 1.92574 0.535096 2.36622
1.93927 1.90232 0.53428 2.39595
1.93927 1.88941 0.536549 2.41531
1.93927 1.86877 0.546402 2.44442
1.93927 1.85546 0.554982 2.46316
1.93927 1.83834 0.562061 2.49085
1.93927 1.8269 0.563346 2.50944
1.93927 1.80853 0.56824 2.5365
1.93927 1.79395 0.573278 2.5546
1.93927 1.77037 0.577046 2.5825
1.93927 1.75169 0.5784 2.60081
1.93927 1.73303 0.578006 2.61934
1.93927 1.70443 0.573423 2.64759
1.93927 1.67477 0.568883 2.67613
1.93927 1.64796 0.571292 2.6998
1.93927 1.62969 0.575247 2.71609
1.93927 1.59851 0.584482 2.74407
1.93927 1.58126 0.591787 2.76233
1.93927 1.55611 0.595831 2.78886
1.93927 1.5371 0.591228 2.80571
1.93927 1.50589 0.580972 2.82977
1.93927 1.48326 0.574784 2.8451
1.93927 1.4477 0.566623 2.86661
1.93927 1.42117 0.563461 2.87992
1.93927 1.38462 0.559082 2.89814
1.93927 1.35757 0.553598 2.90914
1.93927 1.31853 0.541428 2.92382
1.93927 1.29031 0.531525 2.93257
1.93927 1.24414 0.515618 2.94529
1.93927 1.21801 0.507837 2.95148
1.93927 1.1722 0.495478 2.96084
1.93927 1.14146 0.487514 2.96643
1.93927 1.09558 0.474077 2.97401
1.93927 1.0651 0.464459 2.97812
1.93927 1.02036 0.451101 2.9836
1.93927 0.991017 0.442962 2.98696
1.93927 0.954775 0.429116 2.99127
1.93927 0.932658 0.418214 2.9937
1.93927 0.902779 0.401059 2.99675
1.93927 0.880971 0.387899 2.99845
1.93927 0.852657 0.369031 3.00054
1.93927 0.831576 0.355516 3.00166
1.93927 0.806989 0.336872 3.00297
1.93927 0.790528 0.322249 3.00368
1.93927 0.772541 0.300571 3.00448
1.93927 0.760382 0.284132 3.00487
1.93927 0.749057 0.265602 3.00517
1.93927 0.734233 0.239611 3.00538
1.93927 0.726193 0.222602 3.00543
1.93927 0.711546 0.191844 3.0054
1.93927 0.701877 0.170683 3.00531
1.93927 0.684825 0.138001 3.00509
1.93927 0.671846 0.116636 3.00493
1.93927 0.650184 0.085562 3.00466
1.93927 0.634274 0.0656441 3.00449
1.93927 0.609551 0.0360857 3.00424
1.93927 0.592494 0.0166364 3.00407
1.93927 0.56636 -0.0124086 3.00382
1.93927 0.548214 -0.0313719 3.00365
1.93927 0.519815 -0.0590898 3.0034
1.93927 0.500012 -0.0769598 3.00323
1.93927 0.468992 -0.102753 3.00301
1.93927 0.447531 -0.1193 3.00287
1.93927 0.414258 -0.143151 3.00267
1.93927 0.391349 -0.158159 3.00254
1.93927 0.35633 -0.179375 3.00236
1.93927 0.332652 -0.192462 3.00224
1.93927 0.296977 -0.210674 3.00207
1.93927 0.273095 -0.221697 3.00196
1.93927 0.23724 -0.236764 3.00179
1.93927 0.204194 -0.248721 3.00165
1.93927 0.180006 -0.256198 3.00156
1.93927 0.152607 -0.263235 3.00145
1.93927 0.115879 -0.270887 3.00132
1.93927 0.0912216 -0.274743 3.00124
1.93927 0.0539548 -0.278804 3.00113
1.93927 0.0289211 -0.280729 3.00106
1.93927 -0.00900588 -0.281953 3.00097
1.93927 -0.0345796 -0.281669 3.00091
1.93927 -0.0733792 -0.279516 3.00082
1.93927 -0.0995438 -0.276914 3.00076
1.93927 -0.139282 -0.271652 3.00069
1.93927 -0.16614 -0.266977 3.00065
1.93927 -0.207081 -0.258779 3.00059
1.93927 -0.234878 -0.252349 3.00056
1.93927 -0.277417 -0.241578 3.00051
1.93927 -0.306453 -0.233653 3.00048
1.93927 -0.351234 -0.221107 3.00043
1.93927 -0.381854 -0.212908 3.00032
1.93927 -0.428431 -0.201668 3.00008
1.93927 -0.459411 -0.194963 2.99986
1.93927 -0.504426 -0.185414 2.99946
1.93927 -0.533195 -0.179019 2.99917
1.93927 -0.574435 -0.169153 2.99872
1.93927 -0.600673 -0.162549 2.99843
1.93927 -0.638495 -0.153366 2.99798
1.93927 -0.663599 -0.149164 2.99765
1.93927 -0.702416 -0.1448 2.99709
1.93927 -0.729159 -0.141958 2.99657
1.93927 -0.770549 -0.137169 2.99549
1.93927 -0.799121 -0.134038 2.99468
1.93927 -0.841653 -0.127781 2.99345
1.93927 -0.868874 -0.121804 2.99269
1.93927 -0.907973 -0.110977 2.9915
1.93927 -0.932877 -0.102717 2.99071
1.93927 -0.968742 -0.0893043 2.98955
1.93927 -0.991668 -0.0796901 2.98872
1.93927 -1.02482 -0.064784 2.98741
1.93927 -1.0469 -0.0554331 2.98655
1.93927 -1.08198 -0.04518 2.98533
1.93927 -1.10652 -0.040386 2.98457
1.93927 -1.14787 -0.0340321 2.98336
1.93927 -1.17088 -0.0310764 2.98268
1.93927 -1.21149 -0.0259796 2.9814
1.93927 -1.23936 -0.0224731 2.98044
1.93927 -1.28232 -0.0171487 2.97871
1.93927 -1.31166 -0.0139121 2.97735
1.93927 -1.35658 -0.00964507 2.97502
1.93927 -1.387 -0.0071511 2.97319
1.93927 -1.4331 -0.00359575 2.9697
1.93927 -1.46401 -0.0011344 2.9669
1.93927 -1.51046 0.00297838 2.9621
1.93927 -1.54141 0.00603341 2.95865
1.93927 -1.58774 0.0108386 2.95278
1.93927 -1.61848 0.0141762 2.94802
1.93927 -1.66442 0.0192574 2.93998
1.93927 -1.69477 0.0227818 2.93402
1.93927 -1.73989 0.0283484 2.92366
1.93927 -1.76961 0.0323318 2.91663
1.93927 -1.81351 0.0387953 2.9048
1.93927 -1.84228 0.0433109 2.89585
1.93927 -1.88477 0.0503405 2.88075
1.93927 -1.9123 0.0552421 2.86837
1.93927 -1.95254 0.0628271 2.84742
1.93927 -1.97869 0.0680151 2.83205
1.93927 -2.01515 0.075658 2.80644
1.93927 -2.04064 0.0814398 2.7866
1.93927 -2.05898 0.0858106 2.77099
1.93927 -2.09549 0.0950144 2.74016
1.93927 -2.11234 0.0999099 2.7222
1.93927 -2.13805 0.107575 2.69413
1.93927 -2.15429 0.112703 2.67615
1.93927 -2.17705 0.119798 2.64945
1.93927 -2.19274 0.124506 2.63179
1.93927 -2.22134 0.132572 2.6045
1.93927 -2.23771 0.137288 2.58652
1.93927 -2.26164 0.144413 2.55856
1.93927 -2.27767 0.149134 2.54005
1.93927 -2.30112 0.15592 2.51218
1.93927 -2.31659 0.160278 2.49341
1.93927 -2.34263 0.167455 2.46463
1.93927 -2.35981 0.172167 2.44581
1.93927 -2.38345 0.178698 2.41765
1.93927 -2.39949 0.183148 2.3992
1.93927 -2.42286 0.189643 2.37106
1.93927 -2.43785 0.193759 2.35261
1.93927 -2.46168 0.200166 2.32489
1.93927 -2.47826 0.204487 2.30621
1.93927 -2.49319 0.208319 2.28767
1.93927 -2.51757 0.214686 2.25897
1.93927 -2.54181 0.221295 2.23014
1.93927 -2.55756 0.225724 2.21029
1.93927 -2.58183 0.232751 2.18057
1.93927 -2.59732 0.237266 2.16098
1.93927 -2.62057 0.243896 2.13112
1.93927 -2.63639 0.248298 2.11098
1.93927 -2.66014 0.254879 2.08083
1.93927 -2.67611 0.259293 2.06059
1.93927 -2.70021 0.265992 2.03033
1.93927 -2.71654 0.270579 2.01048
1.93927 -2.74059 0.277277 1.9808
1.93927 -2.75616 0.281542 1.96107
1.93927 -2.78073 0.288248 1.93139
1.93927 -2.79609 0.292479 1.91192
1.93927 -2.81143 0.296785 1.89301
1.93927 -2.83688 0.304005 1.86435
1.93927 -2.85299 0.308429 1.84481
1.93927 -2.87754 0.314946 1.81575
1.93927 -2.89355 0.319186 1.79614
1.93927 -2.91772 0.325691 1.76656
1.93927 -2.93357 0.330012 1.74734
1.93927 -2.95822 0.336768 1.71919
1.93927 -2.97429 0.341058 1.70126
1.93927 -2.99902 0.347669 1.6738
1.93927 -3.01554 0.352019 1.65514
1.93927 -3.03899 0.358255 1.62712
1.93927 -3.05499 0.362559 1.6081
1.93927 -3.08097 0.369636 1.57786
1.93927 -3.09649 0.373802 1.55758
1.93927 -3.11326 0.378234 1.53729
1.93927 -3.13516 0.384122 1.50729
1.93927 -3.15969 0.388302 1.47791
1.93927 -3.17466 0.391308 1.45853
1.93927 -3.19811 0.398948 1.42883
1.93927 -3.2146 0.404754 1.409
1.93927 -3.23954 0.412646 1.37882
1.93927 -3.25496 0.4172 1.35868
1.93927 -3.27918 0.419877 1.32837
1.93927 -3.29478 0.420116 1.30885
1.93927 -3.31848 0.424702 1.28059
1.93927 -3.33275 0.428884 1.26236
1.93927 -3.35389 0.435399 1.23557
1.93927 -3.3657 0.439066 1.21798
1.93927 -3.3834 0.443452 1.19232
1.93927 -3.3947 0.444458 1.17548
1.93927 -3.41216 0.445555 1.15101
1.93927 -3.42287 0.447202 1.13526
1.93927 -3.43829 0.45094 1.11251
1.93927 -3.44763 0.453783 1.09823
1.93927 -3.46105 0.458003 1.07802
1.93927 -3.46792 0.459752 1.06589
1.93927 -3.47926 0.461 1.04884
1.93927 -3.48628 0.461602 1.03813
1.93927 -3.49634 0.463086 1.02343
1.93927 -3.50198 0.464395 1.01432
1.93927 -3.50979 0.466946 1.00216
1.93927 -3.51337 0.468305 0.9949
1.93927 -3.51884 0.469708 0.985205
1.93927 -3.5215 0.469983 0.980192
1.93927 -3.52596 0.470184 0.972394
1.93927 -3.52816 0.470323 0.96772
1.93927 -3.53077 0.470942 0.961543
1.93927 -3.53145 0.471417 0.958195
1.93927 -3.53168 0.472 0.954093
1.93927 -3.53102 0.471982 0.951969
1.93927 -3.53016 0.471697 0.949145
1.93927 -3.53005 0.471647 0.947545
1.93927 -3.53005 0.471659 0.945463
1.93927 -3.53006 0.471673 0.944293
1.93927 -3.53006 0.471689 0.942812
1.93927 -3.53006 0.471694 0.941983
1.93927 -3.53005 0.471689 0.940955
1.93927 -3.53005 0.471674 0.940384
1.93927 -3.53006 0.471626 0.939669
1.93927 -3.53009 0.471583 0.939268
1.93927 -3.53014 0.471523 0.93877
1.93927 -3.53018 0.471488 0.938494
1.93927 -3.53026 0.471445 0.938148
1.93927 -3.53031 0.471416 0.937956
1.93927 -3.53038 0.471367 0.937713
1.93927 -3.53042 0.471331 0.937577
1.93927 -3.53047 0.471282 0.937406
1.93927 -3.53048 0.471257 0.937312
1.93927 -3.52995 0.471722 0.936965
1.93927 -3.52894 0.471762 0.93607
1.93927 -3.52796 0.471026 0.934928
1.93927 -3.52597 0.467386 0.932047
1.93927 -3.52477 0.464877 0.929695
1.93927 -3.52244 0.459848 0.924477
1.93927 -3.52069 0.456449 0.920285
1.93927 -3.51791 0.452297 0.913273
1.93927 -3.51615 0.450203 0.908335
1.93927 -3.51414 0.447578 0.900382
1.93927 -3.51306 0.446059 0.894918
1.93927 -3.51154 0.44948 0.886415
1.93927 -3.51051 0.451989 0.880653
1.93927 -3.50922 0.447677 0.87216
1.93927 -3.50835 0.442285 0.866532
1.93927 -3.50718 0.434856 0.858178
1.93927 -3.50654 0.430951 0.852786
1.93927 -3.50584 0.428689 0.84517
1.93927 -3.50531 0.429649 0.840388
1.93927 -3.50471 0.429846 0.833519
1.93927 -3.50421 0.427533 0.828781
1.93927 -3.5035 0.426244 0.821947
1.93927 -3.50299 0.427686 0.817581
1.93927 -3.50258 0.427116 0.811306
1.93927 -3.5024 0.42488 0.807373
1.93927 -3.50226 0.421615 0.802098
1.93927 -3.50204 0.417784 0.7965
1.93927 -3.50186 0.415751 0.792823
1.93927 -3.50168 0.415342 0.789311
1.93927 -3.50142 0.416103 0.784015
1.93927 -3.50134 0.415842 0.780979
1.93927 -3.50125 0.414311 0.77657
1.93927 -3.50118 0.412907 0.773644
1.93927 -3.50103 0.410444 0.769153
1.93927 -3.50092 0.409405 0.766312
1.93927 -3.50076 0.409231 0.762268
1.93927 -3.50068 0.409414 0.759712
1.93927 -3.50064 0.409185 0.756052
1.93927 -3.50062 0.408614 0.753757
1.93927 -3.50057 0.40746 0.750488
1.93927 -3.50051 0.406567 0.748468
1.93927 -3.5004 0.40595 0.745578
1.93927 -3.50033 0.405976 0.743763
1.93927 -3.50029 0.406111 0.741196
1.93927 -3.50031 0.40602 0.739587
1.93927 -3.50036 0.405571 0.73731
1.93927 -3.50036 0.405014 0.735698
1.93927 -3.50033 0.404397 0.733857
1.93927 -3.50029 0.404174 0.732559
1.93927 -3.50028 0.404162 0.730667
1.93927 -3.50029 0.404189 0.729469
1.93927 -3.50034 0.404049 0.72771
1.93927 -3.50036 0.403818 0.72662
1.93927 -3.50037 0.403404 0.725045
1.93927 -3.50035 0.403154 0.724038
1.93927 -3.50035 0.40303 0.723089
1.93927 -3.50036 0.40303 0.721746
1.93927 -3.50038 0.403069 0.720525
1.93927 -3.50039 0.403015 0.719739
1.93927 -3.50039 0.402827 0.718621
1.93927 -3.50039 0.402635 0.717878
1.93927 -3.50039 0.402417 0.716829
1.93927 -3.50041 0.402351 0.716159
1.93927 -3.50042 0.402347 0.715195
1.93927 -3.50041 0.402352 0.714581
1.93927 -3.50039 0.402308 0.713686
1.93927 -3.50038 0.402217 0.713107
1.93927 -3.50038 0.40212 0.712545
1.93927 -3.50038 0.401992 0.711743
1.93927 -3.50038 0.401946 0.711237
1.93927 -3.50037 0.40191 0.710518
1.93927 -3.50035 0.401886 0.710013
1.93927 -3.50033 0.401826 0.709426
1.93927 -3.50033 0.40176 0.709023
1.93927 -3.50033 0.401649 0.708434
1.93927 -3.50033 0.401597 0.708059
1.93927 -3.50032 0.401547 0.707522
1.93927 -3.50029 0.401527 0.707186
1.93927 -3.50026 0.401492 0.706741
1.93927 -3.50025 0.401465 0.706463
1.93927 -3.50024 0.401406 0.706057
1.93927 -3.50024 0.401369 0.705804
1.93927 -3.50024 0.401304 0.705455
1.93927 -3.50023 0.401266 0.705203
1.93927 -3.5002 0.401226 0.704849
1.93927 -3.50019 0.401207 0.70464
1.93927 -3.50019 0.401187 0.704449
1.93927 -3.50021 0.401156 0.704151
1.93927 -3.50022 0.401127 0.703982
1.93927 -3.50023 0.401099 0.703807
1.93927 -3.50024 0.401082 0.703639
1.93927 -3.50024 0.401064 0.703418
1.93927 -3.50024 0.401054 0.703218
1.93927 -3.50025 0.401038 0.703091
1.93927 -3.50026 0.401 0.702908
1.93927 -3.50027 0.400968 0.702792
1.93927 -3.50028 0.400918 0.702629
1.93927 -3.50029 0.400894 0.702514
1.93927 -3.5003 0.400876 0.702405
1.93927 -3.50031 0.400863 0.702305
1.93927 -3.50033 0.400852 0.702185
1.93927 -3.50034 0.400846 0.702106
1.93927 -3.50034 0.400829 0.701993
1.93927 -3.50033 0.400818 0.701918
1.93927 -3.5003 0.400804 0.70179
1.93927 -3.50029 0.400795 0.70173
1.93927 -3.50029 0.400784 0.70163
1.93927 -3.50029 0.400786 0.701566
1.93927 -3.50029 0.400791 0.701475
1.93927 -3.50028 0.400782 0.701416
1.93927 -3.50026 0.400757 0.701326
1.93927 -3.50024 0.400735 0.701266
1.93927 -3.50023 0.4007 0.701176
1.93927 -3.50022 0.400685 0.701115
1.93927 -3.50022 0.400675 0.701023
1.93927 -3.50021 0.400666 0.700962
1.93927 -3.50017 0.400651 0.700883
1.93927 -3.49955 0.400657 0.700896
1.93927 -3.49707 0.400674 0.701176
1.93927 -3.49429 0.400683 0.701492
1.93927 -3.48835 0.400696 0.702525
1.93927 -3.4833 0.4007 0.703507
1.93927 -3.47398 0.400698 0.705533
1.93927 -3.4667 0.40069 0.707222
1.93927 -3.45431 0.400683 0.710423
1.93927 -3.44497 0.400698 0.712944
1.93927 -3.42948 0.400735 0.71725
1.93927 -3.41808 0.400766 0.720669
1.93927 -3.39955 0.400829 0.726189
1.93927 -3.38616 0.400893 0.730336
1.93927 -3.36456 0.400995 0.738097
1.93927 -3.34906 0.401036 0.743768
1.93927 -3.32445 0.401073 0.753829
1.93927 -3.30704 0.401108 0.76127
1.93927 -3.27941 0.401195 0.77365
1.93927 -3.26001 0.401265 0.782184
1.93927 -3.22991 0.401402 0.795953
1.93927 -3.20897 0.401541 0.805277
1.93927 -3.17635 0.401748 0.820364
1.93927 -3.15387 0.401827 0.831662
1.93927 -3.11918 0.401845 0.849304
1.93927 -3.09544 0.401871 0.862001
1.93927 -3.06295 0.401924 0.880115
1.93927 -3.0336 0.401935 0.899656
1.93927 -3.01371 0.401948 0.914807
1.93927 -2.98574 0.402035 0.93839
1.93927 -2.96654 0.402151 0.954756
1.93927 -2.93808 0.402379 0.979698
1.93927 -2.91925 0.40265 0.996488
1.93927 -2.90032 0.401181 1.01301
1.93927 -2.87277 0.392337 1.03827
1.93927 -2.85581 0.383793 1.05546
1.93927 -2.83294 0.372474 1.0814
1.93927 -2.81476 0.367289 1.10133
1.93927 -2.7992 0.365566 1.11912
1.93927 -2.76953 0.369312 1.15094
1.93927 -2.75323 0.373608 1.1696
1.93927 -2.73155 0.379116 1.196
1.93927 -2.71017 0.378467 1.22527
1.93927 -2.69454 0.371274 1.24415
1.93927 -2.67425 0.356299 1.27226
1.93927 -2.65868 0.347969 1.29121
1.93927 -2.64393 0.34254 1.31014
1.93927 -2.61701 0.340897 1.34351
1.93927 -2.60363 0.34258 1.36231
1.93927 -2.58149 0.345681 1.39004
1.93927 -2.56608 0.347503 1.40876
1.93927 -2.54442 0.350917 1.43717
1.93927 -2.52943 0.351034 1.45609
1.93927 -2.5053 0.342891 1.48566
1.93927 -2.48998 0.335148 1.50537
1.93927 -2.46816 0.326511 1.53478
1.93927 -2.45248 0.324035 1.55488
1.93927 -2.43893 0.323918 1.57476
1.93927 -2.417 0.327412 1.60527
1.93927 -2.40148 0.328786 1.62521
1.93927 -2.37812 0.330682 1.65739
1.93927 -2.356 0.335707 1.68856
1.93927 -2.34145 0.339342 1.709
1.93927 -2.31896 0.336452 1.73969
1.93927 -2.30391 0.332095 1.76004
1.93927 -2.27922 0.325701 1.79052
1.93927 -2.26294 0.322695 1.81133
1.93927 -2.24754 0.321882 1.83235
1.93927 -2.22405 0.325605 1.86291
1.93927 -2.20874 0.328415 1.88335
1.93927 -2.18478 0.333755 1.91341
1.93927 -2.17065 0.339031 1.93295
1.93927 -2.14589 0.342932 1.96248
1.93927 -2.12898 0.344888 1.9824
1.93927 -2.1059 0.352573 2.01151
1.93927 -2.08923 0.35875 2.03107
1.93927 -2.0648 0.36513 2.05974
1.93927 -2.04946 0.368768 2.07877
1.93927 -2.02427 0.373388 2.10808
1.93927 -2.00834 0.374463 2.12739
1.93927 -1.9839 0.377242 2.15628
1.93927 -1.96827 0.380222 2.17537
1.93927 -1.94267 0.384748 2.20391
1.93927 -1.92718 0.386708 2.22309
1.93927 -1.90261 0.389553 2.25173
1.93927 -1.8846 0.390656 2.27328
1.93927 -1.86181 0.391706 2.29961
1.93927 -1.84365 0.393143 2.32116
1.93927 -1.82514 0.395203 2.34198
1.93927 -1.8039 0.397272 2.36958
1.93927 -1.78936 0.398775 2.38751
1.93927 -1.77009 0.400481 2.41378
1.93927 -1.75734 0.401127 2.43055
1.93927 -1.73895 0.401832 2.45459
1.93927 -1.72584 0.402736 2.47022
1.93927 -1.70915 0.404236 2.49253
1.93927 -1.69652 0.405174 2.5071
1.93927 -1.67037 0.406334 2.5288
1.93927 -1.65129 0.406951 2.54345
1.93927 -1.62029 0.407521 2.56622
1.93927 -1.59861 0.40779 2.58147
1.93927 -1.56416 0.408304 2.60444
1.93927 -1.54154 0.408522 2.6196
1.93927 -1.50412 0.408863 2.64231
1.93927 -1.47772 0.408955 2.65701
1.93927 -1.43667 0.408864 2.67775
1.93927 -1.40849 0.408676 2.69212
1.93927 -1.36496 0.408364 2.71218
1.93927 -1.33547 0.407932 2.72477
1.93927 -1.29047 0.406895 2.74179
1.93927 -1.26023 0.406257 2.75258
1.93927 -1.21424 0.40599 2.76778
1.93927 -1.18347 0.406044 2.77753
1.93927 -1.13706 0.406095 2.79161
1.93927 -1.10221 0.406044 2.80154
1.93927 -1.05956 0.405809 2.81337
1.93927 -1.0285 0.405538 2.82153
1.93927 -0.981741 0.405158 2.83301
1.93927 -0.950502 0.405033 2.83978
1.93927 -0.903513 0.404986 2.84904
1.93927 -0.872134 0.404977 2.85435
1.93927 -0.824911 0.404955 2.8617
1.93927 -0.793341 0.404903 2.86621
1.93927 -0.745813 0.404784 2.87257
1.93927 -0.714035 0.40472 2.87665
1.93927 -0.666206 0.40462 2.88198
1.93927 -0.630476 0.403309 2.88562
1.93927 -0.599094 0.400643 2.88857
1.93927 -0.553022 0.394099 2.89271
1.93927 -0.523057 0.388451 2.89515
1.93927 -0.479172 0.379068 2.89845
1.93927 -0.450566 0.372304 2.90041
1.93927 -0.40859 0.361772 2.90287
1.93927 -0.380707 0.355327 2.90427
1.93927 -0.337682 0.349423 2.90626
1.93927 -0.308313 0.347644 2.90758
1.93927 -0.263498 0.346685 2.90957
1.93927 -0.233711 0.346135 2.91102
1.93927 -0.190118 0.343141 2.91331
1.93927 -0.162187 0.338924 2.91484
1.93927 -0.122264 0.329773 2.91719
1.93927 -0.0966861 0.32287 2.91864
1.93927 -0.0598733 0.31179 2.92084
1.93927 -0.0360581 0.304525 2.92218
1.93927 -0.00137573 0.29303 2.92395
1.93927 0.0214525 0.284805 2.92489
1.93927 0.0557555 0.271844 2.92611
1.93927 0.0784174 0.26369 2.92691
1.93927 0.111735 0.252211 2.92841
1.93927 0.133479 0.244977 2.92961
1.93927 0.166111 0.235511 2.93157
1.93927 0.188634 0.230822 2.9329
1.93927 0.223643 0.226017 2.93494
1.93927 0.247685 0.223792 2.93636
1.93927 0.284773 0.221264 2.93844
1.93927 0.31022 0.220008 2.93974
1.93927 0.349547 0.218806 2.94161
1.93927 0.376549 0.218402 2.94272
1.93927 0.418262 0.218156 2.94414
1.93927 0.446768 0.217638 2.94482
1.93927 0.490455 0.216065 2.94555
1.93927 0.520291 0.21546 2.94584
1.93927 0.565012 0.215561 2.94611
1.93927 0.594193 0.215666 2.94632
1.93927 0.63681 0.215663 2.94698
1.93927 0.664526 0.215585 2.94766
1.93927 0.705428 0.215795 2.94891
1.93927 0.733043 0.217086 2.94959
1.93927 0.775521 0.219703 2.95046
1.93927 0.804511 0.220992 2.95084
1.93927 0.849022 0.222171 2.95114
1.93927 0.87943 0.223375 2.95115
1.93927 0.925758 0.227704 2.95109
1.93927 0.95643 0.232116 2.95114
1.93927 1.00087 0.238814 2.95115
1.93927 1.02942 0.242468 2.95112
1.93927 1.07199 0.245271 2.95092
1.93927 1.10115 0.245551 2.95067
1.93927 1.14625 0.244282 2.95011
1.93927 1.17723 0.243149 2.94967
1.93927 1.22477 0.243212 2.94914
1.93927 1.25671 0.243203 2.94884
1.93927 1.28864 0.241862 2.94847
1.93927 1.33633 0.237244 2.94779
1.93927 1.38356 0.229346 2.94694
1.93927 1.41474 0.222579 2.94623
1.93927 1.4611 0.210845 2.94495
1.93927 1.49176 0.202205 2.94392
1.93927 1.53738 0.188193 2.94222
1.93927 1.56733 0.178512 2.94095
1.93927 1.6109 0.164925 2.93893
1.93927 1.63905 0.156245 2.93767
1.93927 1.6809 0.141731 2.93537
1.93927 1.7089 0.131261 2.93353
1.93927 1.75118 0.115171 2.93031
1.93927 1.7796 0.104671 2.92781
1.93927 1.82271 0.0903602 2.92346
1.93927 1.85171 0.0818003 2.91984
1.93927 1.89538 0.070131 2.9135
1.93927 1.92449 0.0626734 2.90885
1.93927 1.96806 0.0519897 2.90101
1.93927 1.99699 0.0451194 2.89519
1.93927 2.04028 0.0354063 2.88625
1.93927 2.06904 0.0298359 2.87904
1.93927 2.11201 0.0225095 2.86674
1.93927 2.14042 0.0186409 2.85866
1.93927 2.18272 0.0138269 2.84536
1.93927 2.21063 0.0113815 2.83556
1.93927 2.25172 0.00906255 2.81851
1.93927 2.27838 0.00835927 2.80555
1.93927 2.31765 0.00824119 2.78574
1.93927 2.34238 0.00942584 2.77308
1.93927 2.37778 0.0121582 2.75331
1.93927 2.40069 0.0146538 2.73953
1.93927 2.43165 0.0199711 2.71723
1.93927 2.45158 0.0239193 2.70166
1.93927 2.47973 0.0310141 2.67738
1.93927 2.49741 0.0363216 2.66097
1.93927 2.52003 0.0449545 2.63784
1.93927 2.53262 0.0505217 2.62371
1.93927 2.55365 0.061619 2.59861
1.93927 2.57051 0.0731925 2.57283
1.93927 2.58192 0.08147 2.55483
1.93927 2.59987 0.093249 2.52709
1.93927 2.61355 0.100452 2.50791
1.93927 2.63388 0.10951 2.47867
1.93927 2.64699 0.114993 2.45947
1.93927 2.66056 0.121041 2.44049
1.93927 2.6794 0.129719 2.41247
1.93927 2.69868 0.138644 2.38395
1.93927 2.7131 0.144436 2.36472
1.93927 2.72802 0.149534 2.34522
1.93927 2.75008 0.156229 2.31655
1.93927 2.76415 0.160364 2.29781
1.93927 2.78576 0.16707 2.26892
1.93927 2.79964 0.171429 2.24914
1.93927 2.82156 0.178393 2.21994
1.93927 2.8368 0.182879 2.20074
1.93927 2.8601 0.188898 2.17017
1.93927 2.87521 0.192546 2.14975
1.93927 2.89797 0.198189 2.11997
1.93927 2.91297 0.20204 2.1005
1.93927 2.93502 0.207808 2.07098
1.93927 2.95025 0.211813 2.05154
1.93927 2.97323 0.217609 2.02276
1.93927 2.98928 0.221487 2.00359
1.93927 3.0142 0.227372 1.97443
1.93927 3.03097 0.231323 1.95531
1.93927 3.05342 0.236624 1.92566
1.93927 3.0708 0.240785 1.90318
1.93927 3.09204 0.245854 1.87532
1.93927 3.10895 0.249784 1.85531
1.93927 3.13495 0.255617 1.82432
1.93927 3.15212 0.259394 1.80371
1.93927 3.17657 0.264648 1.77421
1.93927 3.1938 0.26837 1.75491
1.93927 3.21768 0.273474 1.72669
1.93927 3.23356 0.276921 1.70847
1.93927 3.25895 0.282534 1.6805
1.93927 3.27715 0.28648 1.66217
1.93927 3.30303 0.291892 1.63404
1.93927 3.31998 0.295401 1.61533
1.93927 3.3465 0.300905 1.5875
1.93927 3.36263 0.304343 1.56909
1.93927 3.38714 0.309747 1.54133
1.93927 3.40401 0.313531 1.52257
1.93927 3.43003 0.31946 1.49428
1.93927 3.44647 0.32328 1.47569
1.93927 3.46292 0.327112 1.45689
1.93927 3.48899 0.33309 1.42903
1.93927 3.51316 0.338668 1.40154
1.93927 3.52995 0.342485 1.38304
1.93927 3.54695 0.34629 1.36417
1.93927 3.57351 0.352223 1.33616
1.93927 3.58973 0.355807 1.31745
1.93927 3.61365 0.360972 1.28896
1.93927 3.62699 0.363681 1.27083
1.93927 3.64673 0.366497 1.24529
1.93927 3.6587 0.367503 1.22894
1.93927 3.67976 0.369382 1.20282
1.93927 3.69053 0.370373 1.18883
1.93927 3.70968 0.37236 1.16566
1.93927 3.72097 0.373442 1.15095
1.93927 3.73655 0.374448 1.13
1.93927 3.74532 0.374482 1.11672
1.93927 3.75788 0.374275 1.09806
1.93927 3.76611 0.374158 1.0864
1.93927 3.77832 0.374398 1.0699
1.93927 3.7867 0.374942 1.05836
1.93927 3.79644 0.375762 1.04557
1.93927 3.80169 0.376046 1.03777
1.93927 3.80853 0.376041 1.02659
1.93927 3.81241 0.375871 1.01997
1.93927 3.81749 0.375645 1.0111
1.93927 3.82093 0.375665 1.00572
1.93927 3.82527 0.375986 0.998543
1.93927 3.82685 0.376209 0.994626
1.93927 3.82818 0.376385 0.989816
1.93927 3.82834 0.376346 0.987018
1.93927 3.82757 0.37612 0.983573
1.93927 3.82677 0.375995 0.981897
1.93927 3.82654 0.375944 0.979283
1.93927 3.82656 0.375944 0.977923
1.93927 3.82716 0.376153 0.977172
1.93927 3.82763 0.376257 0.976692
1.93927 3.82776 0.37625 0.975923
1.93927 3.82743 0.376169 0.975486
1.93927 3.82695 0.376063 0.974998
1.93927 3.82678 0.37602 0.974722
1.93927 3.82679 0.375716 0.974311
1.93927 3.827 0.374512 0.974038
1.93927 3.82755 0.371393 0.973725
1.93927 3.82791 0.369088 0.973563
1.93927 3.82816 0.367123 0.973437
1.93927 3.82825 0.365077 0.973334
1.93927 3.82809 0.364328 0.973329
1.93927 3.82812 0.362741 0.973313
1.93927 3.82831 0.361125 0.973251
1.93927 3.82864 0.358338 0.973227
1.93927 3.82885 0.356569 0.973228
1.93927 3.82906 0.354329 0.973245
1.93927 3.8291 0.353092 0.973271
1.93927 3.82904 0.351404 0.973358
1.93927 3.829 0.350125 0.97347
1.93927 3.82886 0.34985 0.97339
1.93927 3.82847 0.348962 0.973088
1.93927 3.82751 0.346638 0.97194
1.93927 3.82658 0.344599 0.970661
1.93927 3.82473 0.341497 0.96764
1.93927 3.82329 0.339768 0.964923
1.93927 3.82102 0.338948 0.959587
1.93927 3.81942 0.339756 0.955305
1.93927 3.81684 0.343468 0.947638
1.93927 3.81522 0.347473 0.94182
1.93927 3.81326 0.354841 0.932814
1.93927 3.81199 0.358703 0.925778
1.93927 3.81091 0.361115 0.91939
1.93927 3.80935 0.362911 0.909706
1.93927 3.80839 0.363837 0.903457
1.93927 3.80692 0.367175 0.894039
1.93927 3.80615 0.370849 0.887759
1.93927 3.80546 0.376416 0.878289
1.93927 3.80498 0.379158 0.87228
1.93927 3.80427 0.381414 0.863721
1.93927 3.80374 0.382095 0.858131
1.93927 3.80297 0.38345 0.848704
1.93927 3.80264 0.384873 0.844284
1.93927 3.80226 0.388114 0.836505
1.93927 3.80211 0.389742 0.831555
1.93927 3.80186 0.391034 0.824435
1.93927 3.80164 0.391459 0.819827
1.93927 3.8014 0.391758 0.813037
1.93927 3.80122 0.392286 0.808691
1.93927 3.80103 0.393628 0.80253
1.93927 3.80094 0.394722 0.798624
1.93927 3.80085 0.395713 0.793035
1.93927 3.80075 0.396021 0.789314
1.93927 3.80061 0.396174 0.78407
1.93927 3.80051 0.39633 0.780855
1.93927 3.8004 0.396776 0.77623
1.93927 3.80036 0.397278 0.773229
1.93927 3.80033 0.397767 0.770277
1.93927 3.80028 0.398161 0.765578
1.93927 3.80023 0.398207 0.762793
1.93927 3.80017 0.398229 0.758831
1.93927 3.80012 0.398311 0.756308
1.93927 3.80008 0.398563 0.752769
1.93927 3.80007 0.398816 0.75062
1.93927 3.80008 0.399088 0.747655
1.93927 3.80009 0.399159 0.745791
1.93927 3.8001 0.399159 0.743182
1.93927 3.80009 0.399174 0.741532
1.93927 3.80007 0.399267 0.739174
1.93927 3.80006 0.399413 0.737686
1.93927 3.80006 0.39961 0.735527
1.93927 3.80007 0.3997 0.734088
1.93927 3.80007 0.399726 0.732033
1.93927 3.80007 0.399732 0.73074
1.93927 3.80008 0.399758 0.728933
1.93927 3.80008 0.399812 0.727759
1.93927 3.8001 0.399897 0.726094
1.93927 3.80011 0.399193 0.725076
1.93927 3.80013 0.396602 0.7239
1.93927 3.80014 0.394953 0.72347
1.93927 3.80015 0.392919 0.723008
1.93927 3.80016 0.38977 0.722338
1.93927 3.80019 0.386751 0.721652
1.93927 3.80021 0.384905 0.721155
1.93927 3.80024 0.383198 0.720622
1.93927 3.80028 0.380823 0.71979
1.93927 3.80032 0.379355 0.719227
1.93927 3.80037 0.377247 0.718448
1.93927 3.80041 0.375817 0.717959
1.93927 3.80047 0.373444 0.717278
1.93927 3.8005 0.372118 0.716961
1.93927 3.80058 0.369779 0.716478
1.93927 3.80062 0.368228 0.716179
1.93927 3.80065 0.36603 0.71575
1.93927 3.80066 0.364674 0.71548
1.93927 3.80067 0.362785 0.715095
1.93927 3.80068 0.361582 0.71484
1.93927 3.80069 0.359761 0.714494
1.93927 3.80069 0.358498 0.714278
1.93927 3.80066 0.356548 0.713959
1.93927 3.80063 0.355238 0.713759
1.93927 3.80057 0.353318 0.713475
1.93927 3.80053 0.352084 0.71329
1.93927 3.8005 0.350277 0.71304
1.93927 3.80049 0.349075 0.71288
1.93927 3.80045 0.347255 0.712643
1.93927 3.80042 0.346028 0.712491
1.93927 3.80039 0.344181 0.712272
1.93927 3.80038 0.34295 0.71213
1.93927 3.80038 0.340954 0.711908
1.93927 3.80039 0.339732 0.711774
1.93927 3.8004 0.337907 0.711573
1.93927 3.8004 0.336693 0.71144
1.93927 3.80041 0.334875 0.711241
1.93927 3.80042 0.333674 0.711105
1.93927 3.80042 0.331894 0.710903
1.93927 3.80042 0.330716 0.710772
1.93927 3.8004 0.329538 0.710651
1.93927 3.80036 0.32776 0.710469
1.93927 3.80033 0.326433 0.710332
1.93927 3.8003 0.324849 0.710153
1.93927 3.80028 0.323603 0.710008
1.93927 3.80026 0.322164 0.70983
1.93927 3.80023 0.321187 0.709696
1.93927 3.80018 0.319816 0.709482
1.93927 3.80014 0.318867 0.709316
1.93927 3.80008 0.317803 0.709097
1.93927 3.80003 0.317086 0.708932
1.93927 3.79999 0.316096 0.708668
1.93927 3.79997 0.315493 0.708484
1.93927 3.79995 0.314654 0.708222
1.93927 3.79994 0.31413 0.708057
1.93927 3.79994 0.31338 0.707833
1.93927 3.79994 0.312902 0.707708
1.93927 3.79995 0.312232 0.707515
1.93927 3.79995 0.311823 0.707377
1.93927 3.79991 0.310587 0.706776
1.93927 3.7999 0.309808 0.706398
1.93927 3.7999 0.309808 0.706398
1.93927 3.7999 0.309517 0.70624
1.93927 3.7999 0.309199 0.706051
1.93927 3.79988 0.3088 0.70579
1.93927 3.79986 0.308507 0.705599
1.93927 3.79984 0.308081 0.705321
1.93927 3.79983 0.307946 0.705227
1.93927 3.79984 0.307582 0.705008
1.93927 3.79987 0.307261 0.7048
1.93927 3.7999 0.30681 0.704534
1.93927 3.7999 0.306715 0.70447
1.93927 3.7999 0.306435 0.704289
1.93927 3.79989 0.306254 0.704171
1.93927 3.79988 0.306068 0.704041
1.93927 3.79988 0.305863 0.703896
1.93927 3.79989 0.305711 0.703784
1.93927 3.7999 0.305484 0.703624
1.93927 3.79992 0.305286 0.703472
1.93927 3.79993 0.305161 0.703371
1.93927 3.79994 0.305034 0.703274
1.93927 3.79994 0.304925 0.703181
1.93927 3.79994 0.304766 0.703039
1.93927 3.79992 0.304555 0.702873
1.93927 3.79991 0.304507 0.702831
1.93927 3.79991 0.304412 0.702753
1.93927 3.79989 0.304245 0.702598
1.93927 3.79987 0.304167 0.702525
1.93927 3.79986 0.304092 0.702445
1.93927 3.79986 0.304016 0.702368
1.93927 3.79985 0.303867 0.702241
1.93927 3.79984 0.303821 0.702204
1.93927 3.79984 0.303757 0.70215
1.93927 3.79983 0.303645 0.702058
1.93927 3.79982 0.303568 0.701997
1.93927 3.79985 0.303456 0.701908
1.93927 3.79987 0.303384 0.701852
1.93927 3.79989 0.303262 0.701771
1.93927 3.7999 0.30318 0.70172
1.93927 3.7999 0.303061 0.701646
1.93927 3.7999 0.302994 0.701598
1.93927 3.79993 0.30291 0.701526
1.93927 3.79997 0.302841 0.701475
1.93927 3.8 0.302756 0.701416
1.93927 3.80001 0.302691 0.701375
1.93927 3.80001 0.302602 0.701318
1.93927 3.80001 0.302541 0.701281
1.93927 3.80002 0.302444 0.701223
1.93927 3.80003 0.302385 0.701186
1.93927 3.80007 0.302307 0.701132
1.93927 3.80008 0.302246 0.701093
1.93927 3.80009 0.302191 0.701056
1.93927 3.80009 0.302127 0.701012
1.93927 3.80008 0.302083 0.700984
1.93927 3.80007 0.302011 0.700944
1.93927 3.80005 0.301965 0.700917
1.93927 3.80004 0.301898 0.700878
1.93927 3.80003 0.301849 0.700854
1.93927 3.80002 0.301779 0.70082
1.93927 3.79999 0.301722 0.700796
1.93927 3.79998 0.301673 0.700772
1.93927 3.79995 0.301598 0.70074
1.93927 3.79995 0.301569 0.700725
1.93927 3.79995 0.301519 0.700699
1.93927 3.79996 0.301462 0.700672
1.93927 3.79997 0.301411 0.700652
1.93927 3.79997 0.301351 0.700629
1.93927 3.79997 0.301319 0.700613
1.93927 3.79996 0.301286 0.700589
1.93927 3.79995 0.301269 0.700574
1.93927 3.79995 0.301252 0.700552
1.93927 3.79995 0.301233 0.700539
1.93927 3.79996 0.301202 0.700521
1.93927 3.79996 0.301185 0.70051
1.93927 3.79996 0.301172 0.700499
1.93927 3.79997 0.301155 0.700487
1.93927 3.79998 0.301148 0.700479
1.93927 3.79998 0.301151 0.700468
1.93927 3.79997 0.301162 0.700462
1.93927 3.79995 0.301188 0.700452
1.93927 3.79995 0.301208 0.700447
1.93927 3.79995 0.301238 0.700439
1.93927 3.79995 0.301252 0.700435
1.93927 3.79996 0.301257 0.700429
1.93927 3.79996 0.301251 0.700426
1.93927 3.79994 0.301237 0.700421
1.93927 3.79993 0.301227 0.700418
1.93927 3.79991 0.301218 0.700413
1.93927 3.7999 0.301212 0.70041
1.93927 3.79989 0.301209 0.700406
1.93927 3.79988 0.301218 0.700402
1.93927 3.79987 0.301242 0.700398
1.93927 3.79987 0.301268 0.700396
1.93927 3.79987 0.301291 0.700393
1.93927 3.79988 0.301325 0.70039
1.93927 3.79989 0.301345 0.700388
1.93927 3.79991 0.301364 0.700385
1.93927 3.79993 0.301366 0.700383
1.93927 3.79996 0.30136 0.70038
1.93927 3.8 0.301341 0.700377
1.93927 3.80003 0.30132 0.700375
1.93927 3.80005 0.301296 0.700373
1.93927 3.80008 0.301262 0.70037
1.93927 3.80009 0.301238 0.700368
1.93927 3.80007 0.301211 0.700364
1.93927 3.80003 0.301194 0.700361
1.93927 3.79997 0.30117 0.700354
1.93927 3.79994 0.301162 0.700351
1.93927 3.7999 0.301159 0.700347
1.93927 3.79989 0.301162 0.700345
1.93927 3.79989 0.301167 0.700342
1.93927 3.79991 0.301165 0.70034
1.93927 3.79993 0.301159 0.700337
1.93927 3.79994 0.301159 0.700335
1.93927 3.79997 0.301166 0.700332
1.93927 3.79998 0.301172 0.70033
1.93927 3.79999 0.301173 0.700327
1.93927 3.8 0.301165 0.700326
1.93927 3.80001 0.301152 0.700324
1.93927 3.80003 0.301132 0.700321
1.93927 3.80004 0.30112 0.700319
1.93927 3.80005 0.301098 0.700317
1.93927 3.80005 0.301079 0.700314
1.93927 3.80004 0.301067 0.700312
1.93927 3.80003 0.301056 0.70031
1.93927 3.8 0.301038 0.700306
1.93927 3.8 0.301033 0.700304
1.93927 3.80001 0.301032 0.700301
1.93927 3.80004 0.301037 0.7003
1.93927 3.80008 0.301046 0.700297
1.93927 3.80011 0.301049 0.700295
1.93927 3.80015 0.301036 0.700293
1.93927 3.80018 0.301011 0.700292
1.93927 3.80024 0.30096 0.70029
1.93927 3.80027 0.300927 0.700289
1.93927 3.80031 0.300894 0.700287
1.93927 3.80034 0.300882 0.700286
1.93927 3.80037 0.300875 0.700285
1.93927 3.80039 0.300876 0.700284
1.93927 3.80041 0.300891 0.700282
1.93927 3.8004 0.301213 0.700281
1.93927 3.80038 0.303279 0.70028
1.93927 3.80036 0.305775 0.700279
1.93927 3.80033 0.310147 0.700277
1.93927 3.8003 0.31283 0.700275
1.93927 3.80028 0.315512 0.700274
1.93927 3.80025 0.319541 0.700271
1.93927 3.80023 0.322215 0.700269
1.93927 3.8002 0.32632 0.700267
1.93927 3.80017 0.329212 0.700265
1.93927 3.80013 0.333538 0.700262
1.93927 3.8001 0.336397 0.70026
1.93927 3.80005 0.340688 0.700258
1.93927 3.80002 0.343554 0.700256
1.93927 3.79997 0.347878 0.700254
1.93927 3.79994 0.351141 0.700252
1.93927 3.79992 0.35546 0.700249
1.93927 3.79993 0.3596 0.700246
1.93927 3.79993 0.361257 0.700245
1.93927 3.79993 0.365053 0.700242
1.93927 3.79992 0.367448 0.70024
1.93927 3.7999 0.370805 0.700237
1.93927 3.79988 0.372894 0.700234
1.93927 3.79986 0.375789 0.700231
1.93927 3.79982 0.378449 0.700228
1.93927 3.7998 0.380073 0.700226
1.93927 3.79978 0.381577 0.700224
1.93927 3.79976 0.383652 0.700221
1.93927 3.79977 0.385059 0.700219
1.93927 3.79979 0.387181 0.700215
1.93927 3.79979 0.387706 0.700214
1.93927 3.79981 0.389137 0.700211
1.93927 3.79981 0.3892 0.70021
1.93927 3.79981 0.389436 0.700207
1.93927 3.79982 0.389832 0.700206
1.93927 3.79983 0.390511 0.700203
1.93927 3.79984 0.390953 0.700202
1.93927 3.79986 0.391627 0.7002
1.93927 3.79987 0.392131 0.700198
1.93927 3.79989 0.392776 0.700196
1.93927 3.79989 0.393142 0.700195
1.93927 3.7999 0.393119 0.700193
1.93927 3.79992 0.393002 0.700191
1.93927 3.79994 0.392956 0.70019
1.93927 3.79996 0.392926 0.700189
1.93927 3.79997 0.392937 0.700187
1.93927 3.8 0.393021 0.700185
1.93927 3.80001 0.39309 0.700184
1.93927 3.80002 0.393229 0.700183
1.93927 3.80003 0.39338 0.700182
1.93927 3.80003 0.393556 0.70018
1.93927 3.80004 0.393556 0.70018
1.93927 3.80004 0.393511 0.700179
1.93927 3.80005 0.393378 0.700178
1.93927 3.80005 0.393299 0.700178
1.93927 3.80006 0.393163 0.700177
1.93927 3.80006 0.393206 0.700177
1.93927 3.80006 0.393194 0.700176
1.93927 3.80005 0.393064 0.700176
1.93927 3.80006 0.39294 0.700176
1.93927 3.80006 0.39276 0.700176
1.93927 3.80006 0.392718 0.700176
1.93927 3.80003 0.392497 0.700175
1.93927 3.80002 0.392049 0.700175
1.93927 3.8 0.391082 0.700174
1.93927 3.8 0.390286 0.700174
1.93927 3.79998 0.389211 0.700173
1.93927 3.79997 0.388504 0.700173
1.93927 3.79994 0.387579 0.700172
1.93927 3.79992 0.386903 0.700172
1.93927 3.79989 0.385681 0.700171
1.93927 3.79988 0.384794 0.700171
1.93927 3.79988 0.38389 0.700171
1.93927 3.79987 0.382526 0.70017
1.93927 3.79986 0.381243 0.70017
1.93927 3.79986 0.381133 0.700169
1.93927 3.79988 0.380367 0.700168
1.93927 3.79989 0.379645 0.700168
1.93927 3.79991 0.378459 0.700167
1.93927 3.79993 0.37764 0.700166
1.93927 3.79994 0.376813 0.700166
1.93927 3.79996 0.375565 0.700165
1.93927 3.79997 0.374737 0.700164
1.93927 3.79999 0.373508 0.700163
1.93927 3.8 0.372694 0.700162
1.93927 3.80003 0.37147 0.70016
1.93927 3.80005 0.370645 0.700159
1.93927 3.80007 0.369371 0.700158
1.93927 3.80008 0.368159 0.700157
1.93927 3.80008 0.367366 0.700156
1.93927 3.80008 0.365972 0.700155
1.93927 3.80007 0.365018 0.700154
1.93927 3.80005 0.363567 0.700153
1.93927 3.80004 0.362586 0.700153
1.93927 3.80004 0.361092 0.700152
1.93927 3.80003 0.360085 0.700152
1.93927 3.80003 0.35856 0.700152
1.93927 3.80004 0.357404 0.700152
1.93927 3.80005 0.35597 0.700151
1.93927 3.80005 0.354917 0.700151
1.93927 3.80004 0.353857 0.700151
1.93927 3.80004 0.35225 0.700151
1.93927 3.80003 0.350624 0.70015
1.93927 3.80002 0.349536 0.70015
1.93927 3.80002 0.348445 0.70015
1.93927 3.80003 0.346788 0.700149
1.93927 3.80003 0.345671 0.700149
1.93927 3.80004 0.343981 0.700148
1.93927 3.80005 0.342838 0.700148
1.93927 3.80005 0.341095 0.700147
1.93927 3.80005 0.339918 0.700147
1.93927 3.80004 0.338138 0.700146
1.93927 3.80003 0.336933 0.700146
1.93927 3.80003 0.335102 0.700145
1.93927 3.80003 0.333719 0.700144
1.93927 3.80004 0.332017 0.700144
1.93927 3.80004 0.330761 0.700143
1.93927 3.80003 0.32764 0.700142
1.93927 3.80003 0.32764 0.700142
1.93927 3.80002 0.325875 0.700142
1.93927 3.80003 0.324765 0.700142
1.93927 3.80007 0.323209 0.700141
1.93927 3.80009 0.32224 0.700141
1.93927 3.80012 0.3209 0.70014
1.93927 3.80013 0.320074 0.70014
1.93927 3.80012 0.318922 0.700139
1.93927 3.80011 0.318201 0.700139
1.93927 3.8001 0.31719 0.700138
1.93927 3.80011 0.316485 0.700138
1.93927 3.80012 0.31597 0.700138
1.93927 3.80012 0.315153 0.700137
1.93927 3.80011 0.314585 0.700137
1.93927 3.80008 0.313934 0.700137
1.93927 3.80006 0.313488 0.700137
1.93927 3.80001 0.312859 0.700137
1.93927 3.8 0.31247 0.700137
1.93927 3.79998 0.311928 0.700137
1.93927 3.79997 0.311588 0.700138
1.93927 3.79996 0.311058 0.700138
1.93927 3.79995 0.310741 0.700138
1.93927 3.79994 0.310248 0.700139
1.93927 3.79993 0.309993 0.700139
1.93927 3.79994 0.309568 0.70014
1.93927 3.79996 0.309295 0.70014
1.93927 3.79998 0.308916 0.700141
1.93927 3.79998 0.308685 0.700141
1.93927 3.79999 0.308371 0.700142
1.93927 3.79999 0.308191 0.700142
1.93927 3.79999 0.308027 0.700142
1.93927 3.79999 0.307807 0.700142
1.93927 3.80001 0.307598 0.700141
1.93927 3.80003 0.307458 0.700141
1.93927 3.80005 0.30732 0.700141
1.93927 3.80008 0.307117 0.70014
1.93927 3.80008 0.306983 0.70014
1.93927 3.80007 0.306788 0.700139
1.93927 3.80005 0.306597 0.700139
1.93927 3.80003 0.306459 0.700138
1.93927 3.80002 0.306341 0.700138
1.93927 3.8 0.306177 0.700138
1.93927 3.79999 0.306071 0.700138
1.93927 3.8 0.305903 0.700138
1.93927 3.80001 0.305788 0.700138
1.93927 3.80002 0.305679 0.700138
1.93927 3.80005 0.305532 0.700138
1.93927 3.80005 0.305428 0.700138
1.93927 3.80004 0.305303 0.700137
1.93927 3.80004 0.305215 0.700137
1.93927 3.80005 0.305085 0.700137
1.93927 3.80006 0.304997 0.700137
1.93927 3.80006 0.304855 0.700136
1.93927 3.80005 0.304775 0.700136
1.93927 3.80004 0.304691 0.700136
1.93927 3.80004 0.304596 0.700135
1.93927 3.80003 0.304541 0.700135
1.93927 3.80003 0.304467 0.700135
1.93927 3.80003 0.304418 0.700134
1.93927 3.80003 0.304347 0.700134
1.93927 3.80004 0.304298 0.700133
1.93927 3.80005 0.304267 0.700133
1.93927 3.80008 0.304216 0.700132
1.93927 3.80009 0.304188 0.700132
1.93927 3.80009 0.304155 0.700131
1.93927 3.80008 0.304144 0.70013
1.93927 3.80008 0.304133 0.70013
1.93927 3.80008 0.304109 0.700129
1.93927 3.80008 0.304087 0.700128
1.93927 3.80008 0.304066 0.700127
1.93927 3.80007 0.304044 0.700127
1.93927 3.80007 0.304006 0.700126
1.93927 3.80007 0.303981 0.700126
1.93927 3.80008 0.303952 0.700125
1.93927 3.8001 0.303938 0.700124
1.93927 3.80013 0.303922 0.700123
1.93927 3.80016 0.303911 0.700123
1.93927 3.80017 0.303893 0.700121
1.93927 3.80017 0.303878 0.700121
1.93927 3.80017 0.303844 0.70012
