2.03929 3.80189 2.20403 0.700198
2.03929 3.8019 2.20402 0.700198
2.03929 3.80191 2.20401 0.700199
2.03929 3.80191 2.20401 0.700199
2.03929 3.80191 2.20402 0.7002
2.03929 3.80191 2.20404 0.700201
2.03929 3.80191 2.20406 0.700201
2.03929 3.80192 2.20407 0.700202
2.03929 3.80193 2.20408 0.700202
2.03929 3.80194 2.20408 0.700202
2.03929 3.80194 2.20407 0.700203
2.03929 3.80195 2.20407 0.700203
2.03929 3.80196 2.20408 0.700203
2.03929 3.80198 2.20409 0.700204
2.03929 3.80201 2.2041 0.700205
2.03929 3.80203 2.2041 0.700206
2.03929 3.80204 2.2041 0.700207
2.03929 3.80204 2.2041 0.700208
2.03929 3.80204 2.2041 0.700209
2.03929 3.80205 2.20412 0.70021
2.03929 3.80206 2.20413 0.700211
2.03929 3.80208 2.20415 0.700212
2.03929 3.80209 2.20416 0.700212
2.03929 3.8021 2.20418 0.700213
2.03929 3.80211 2.2042 0.700213
2.03929 3.80213 2.20423 0.700214
2.03929 3.80215 2.20426 0.700214
2.03929 3.80218 2.20428 0.700214
2.03929 3.80219 2.20428 0.700214
2.03929 3.8022 2.20429 0.700214
2.03929 3.8022 2.2043 0.700214
2.03929 3.8022 2.20432 0.700214
2.03929 3.80221 2.20433 0.700215
2.03929 3.80222 2.20433 0.700215
2.03929 3.80225 2.20434 0.700215
2.03929 3.80227 2.20433 0.700215
2.03929 3.80228 2.20433 0.700216
2.03929 3.80228 2.20433 0.700216
2.03929 3.80227 2.20431 0.700217
2.03929 3.80226 2.20431 0.700218
2.03929 3.80226 2.2043 0.700219
2.03929 3.80225 2.20429 0.700219
2.03929 3.80225 2.20429 0.70022
2.03929 3.80225 2.20429 0.700221
2.03929 3.80227 2.2043 0.700221
2.03929 3.80229 2.20432 0.700222
2.03929 3.80234 2.20436 0.700222
2.03929 3.80237 2.20438 0.700223
2.03929 3.80239 2.20439 0.700223
2.03929 3.8024 2.20439 0.700224
2.03929 3.8024 2.2044 0.700225
2.03929 3.8024 2.2044 0.700225
2.03929 3.80241 2.20441 0.700226
2.03929 3.80243 2.20444 0.700226
2.03929 3.80245 2.20445 0.700227
2.03929 3.80247 2.20446 0.700228
2.03929 3.80248 2.20446 0.700228
2.03929 3.80248 2.20447 0.700229
2.03929 3.80249 2.20448 0.700229
2.03929 3.8025 2.20448 0.70023
2.03929 3.80248 2.20448 0.70023
2.03929 3.80249 2.20448 0.700231
2.03929 3.8025 2.20449 0.700231
2.03929 3.80252 2.20449 0.700231
2.03929 3.80252 2.20449 0.700232
2.03929 3.80253 2.2045 0.700232
2.03929 3.80253 2.2045 0.700233
2.03929 3.80253 2.2045 0.700233
2.03929 3.80254 2.20451 0.700234
2.03929 3.80257 2.20452 0.700234
2.03929 3.80258 2.20453 0.700235
2.03929 3.80262 2.20453 0.700236
2.03929 3.80265 2.20453 0.700237
2.03929 3.80277 2.20456 0.700238
2.03929 3.80286 2.20459 0.700239
2.03929 3.80299 2.20465 0.700242
2.03929 3.80307 2.20469 0.700243
2.03929 3.80316 2.20477 0.700245
2.03929 3.80323 2.20481 0.700247
2.03929 3.80323 2.20481 0.700249
2.03929 3.80313 2.20475 0.70025
2.03929 3.80313 2.20473 0.700252
2.03929 3.80318 2.20474 0.700254
2.03929 3.80326 2.20478 0.700256
2.03929 3.80332 2.20482 0.700257
2.03929 3.80339 2.20487 0.700259
2.03929 3.80338 2.20486 0.700261
2.03929 3.80343 2.20486 0.700263
2.03929 3.80351 2.20488 0.700264
2.03929 3.80362 2.2049 0.700267
2.03929 3.80357 2.20488 0.700268
2.03929 3.80356 2.20488 0.70027
2.03929 3.80357 2.2049 0.700271
2.03929 3.80358 2.20489 0.700273
2.03929 3.80363 2.20489 0.700275
2.03929 3.80368 2.2049 0.700276
2.03929 3.80372 2.20492 0.700279
2.03929 3.8037 2.20491 0.70028
2.03929 3.80368 2.20491 0.700281
2.03929 3.80368 2.20492 0.700283
2.03929 3.8037 2.20493 0.700284
2.03929 3.8037 2.20493 0.700285
2.03929 3.80369 2.20495 0.700286
2.03929 3.80368 2.20498 0.700286
2.03929 3.80366 2.20499 0.700286
2.03929 3.80364 2.20502 0.700285
2.03929 3.80366 2.20504 0.700285
2.03929 3.80368 2.20504 0.700284
2.03929 3.8037 2.20505 0.700284
2.03929 3.80372 2.20507 0.700283
2.03929 3.80373 2.20509 0.700283
2.03929 3.80372 2.2051 0.700282
2.03929 3.8037 2.2051 0.700282
2.03929 3.80343 2.20542 0.700374
2.03929 3.80229 2.20709 0.700902
2.03929 3.80105 2.20946 0.701743
2.03929 3.79862 2.21361 0.703839
2.03929 3.79631 2.21686 0.705923
2.03929 3.7924 2.22166 0.709765
2.03929 3.78774 2.2267 0.714814
2.03929 3.78313 2.23131 0.719573
2.03929 3.77762 2.23683 0.724675
2.03929 3.77013 2.24405 0.731902
2.03929 3.76375 2.24976 0.737909
2.03929 3.7523 2.2593 0.747815
2.03929 3.74387 2.26571 0.755055
2.03929 3.72915 2.27565 0.766558
2.03929 3.7188 2.28164 0.774316
2.03929 3.70682 2.28312 0.786896
2.03929 3.70107 2.28069 0.795351
2.03929 3.69221 2.27473 0.808347
2.03929 3.68645 2.2701 0.817012
2.03929 3.67533 2.26462 0.829786
2.03929 3.66434 2.26553 0.838325
2.03929 3.64492 2.27093 0.85083
2.03929 3.63105 2.27445 0.859133
2.03929 3.60882 2.27783 0.872842
2.03929 3.59344 2.27912 0.883061
2.03929 3.57733 2.27977 0.89356
2.03929 3.54969 2.28189 0.910795
2.03929 3.5338 2.28455 0.920442
2.03929 3.50486 2.29083 0.936771
2.03929 3.48475 2.29445 0.947542
2.03929 3.45638 2.29311 0.965471
2.03929 3.44105 2.28828 0.977763
2.03929 3.41849 2.27911 0.99575
2.03929 3.39971 2.2771 1.00796
2.03929 3.36815 2.28042 1.02576
2.03929 3.34605 2.28459 1.03856
2.03929 3.31108 2.29028 1.05796
2.03929 3.28682 2.29227 1.07138
2.03929 3.24943 2.29243 1.09275
2.03929 3.22439 2.29224 1.10788
2.03929 3.18605 2.29595 1.13273
2.03929 3.16155 2.29993 1.15005
2.03929 3.12619 2.30207 1.17615
2.03929 3.10437 2.30008 1.19309
2.03929 3.07479 2.29197 1.21781
2.03929 3.05442 2.28478 1.23377
2.03929 3.02323 2.28031 1.25827
2.03929 2.99923 2.28409 1.27523
2.03929 2.96544 2.29407 1.30128
2.03929 2.94334 2.30028 1.31932
2.03929 2.91705 2.30631 1.34704
2.03929 2.89908 2.30733 1.36575
2.03929 2.87405 2.30735 1.3937
2.03929 2.85531 2.30725 1.41306
2.03929 2.8292 2.30451 1.44092
2.03929 2.80914 2.30252 1.45897
2.03929 2.7828 2.29815 1.48495
2.03929 2.76526 2.29274 1.50137
2.03929 2.74473 2.28396 1.52522
2.03929 2.72712 2.28271 1.54139
2.03929 2.70135 2.2871 1.56616
2.03929 2.68136 2.29193 1.58291
2.03929 2.6532 2.30081 1.6096
2.03929 2.63285 2.30618 1.62853
2.03929 2.609 2.31136 1.6576
2.03929 2.59264 2.31305 1.67659
2.03929 2.57008 2.3123 1.70558
2.03929 2.55458 2.30971 1.72449
2.03929 2.53167 2.30426 1.75247
2.03929 2.51624 2.30021 1.77074
2.03929 2.49273 2.29655 1.79739
2.03929 2.47497 2.29941 1.8153
2.03929 2.44916 2.30883 1.84343
2.03929 2.42926 2.31691 1.86514
2.03929 2.40665 2.32539 1.89077
2.03929 2.38793 2.32811 1.90971
2.03929 2.36296 2.32788 1.93797
2.03929 2.34525 2.32846 1.95703
2.03929 2.31982 2.3329 1.9852
2.03929 2.3023 2.3373 2.00372
2.03929 2.27801 2.343 2.03044
2.03929 2.25991 2.34644 2.04839
2.03929 2.23509 2.3538 2.07549
2.03929 2.21686 2.35988 2.09384
2.03929 2.19252 2.37011 2.12191
2.03929 2.17399 2.37769 2.1405
2.03929 2.15036 2.38524 2.16842
2.03929 2.13226 2.38852 2.18723
2.03929 2.10781 2.39199 2.21474
2.03929 2.09045 2.39573 2.23332
2.03929 2.06531 2.40502 2.26086
2.03929 2.04683 2.41143 2.27909
2.03929 2.0215 2.42235 2.30607
2.03929 2.00449 2.42933 2.32443
2.03929 1.97894 2.43812 2.35211
2.03929 1.9626 2.44315 2.37056
2.03929 1.9344 2.45196 2.39888
2.03929 1.91333 2.45799 2.41755
2.03929 1.88281 2.46178 2.44522
2.03929 1.86234 2.46262 2.463
2.03929 1.83206 2.46185 2.48962
2.03929 1.81176 2.46094 2.50681
2.03929 1.78498 2.46346 2.53181
2.03929 1.76582 2.4684 2.54805
2.03929 1.74961 2.47287 2.56363
2.03929 1.72547 2.47719 2.58677
2.03929 1.70317 2.47791 2.60859
2.03929 1.6835 2.47724 2.62269
2.03929 1.66102 2.47711 2.63643
2.03929 1.62657 2.47894 2.65627
2.03929 1.59589 2.48021 2.67752
2.03929 1.5806 2.48088 2.69245
2.03929 1.5645 2.48291 2.70839
2.03929 1.54019 2.48695 2.73261
2.03929 1.52114 2.49102 2.74904
2.03929 1.48657 2.50094 2.77412
2.03929 1.46179 2.50935 2.79055
2.03929 1.4232 2.52179 2.81488
2.03929 1.3973 2.53011 2.8301
2.03929 1.35908 2.54249 2.85222
2.03929 1.33478 2.55049 2.86624
2.03929 1.29513 2.56356 2.88546
2.03929 1.2672 2.57324 2.89754
2.03929 1.22398 2.58822 2.91185
2.03929 1.19491 2.59799 2.92
2.03929 1.15076 2.61202 2.93069
2.03929 1.11731 2.62195 2.93815
2.03929 1.07215 2.63417 2.94684
2.03929 1.04172 2.64158 2.95202
2.03929 0.996301 2.65408 2.95927
2.03929 0.967293 2.66559 2.96375
2.03929 0.926329 2.68672 2.96988
2.03929 0.900269 2.70192 2.97365
2.03929 0.862575 2.72481 2.97888
2.03929 0.838149 2.73973 2.982
2.03929 0.802775 2.76178 2.98622
2.03929 0.78102 2.77672 2.98872
2.03929 0.751038 2.80153 2.99196
2.03929 0.733182 2.81961 2.99375
2.03929 0.708771 2.848 2.99592
2.03929 0.691583 2.87009 2.99727
2.03929 0.676802 2.88982 2.99831
2.03929 0.655018 2.92025 2.9996
2.03929 0.640088 2.94113 3.00028
2.03929 0.614476 2.97175 3.00112
2.03929 0.594953 2.99092 3.00158
2.03929 0.562743 3.01723 3.00213
2.03929 0.539981 3.03342 3.00242
2.03929 0.504991 3.0567 3.00276
2.03929 0.481159 3.07159 3.00292
2.03929 0.444646 3.09304 3.0031
2.03929 0.41975 3.10674 3.00317
2.03929 0.381364 3.12588 3.00323
2.03929 0.354913 3.13726 3.00324
2.03929 0.314335 3.15267 3.00322
2.03929 0.286746 3.16169 3.00318
2.03929 0.244905 3.17366 3.00311
2.03929 0.216767 3.18034 3.00305
2.03929 0.174498 3.18874 3.00294
2.03929 0.146378 3.19296 3.00286
2.03929 0.104425 3.19746 3.00273
2.03929 0.076595 3.199 3.00265
2.03929 0.0350506 3.19962 3.00255
2.03929 -0.00292357 3.1979 3.00244
2.03929 -0.0271026 3.19609 3.00239
2.03929 -0.0719494 3.19047 3.00227
2.03929 -0.103007 3.18542 3.00219
2.03929 -0.130547 3.1797 3.00211
2.03929 -0.171831 3.16963 3.00202
2.03929 -0.199237 3.16159 3.00195
2.03929 -0.240171 3.14777 3.00185
2.03929 -0.26743 3.13754 3.00179
2.03929 -0.30816 3.12059 3.00169
2.03929 -0.335091 3.10799 3.00163
2.03929 -0.37536 3.08761 3.00154
2.03929 -0.401917 3.07265 3.00148
2.03929 -0.441512 3.04862 3.00139
2.03929 -0.467686 3.03154 3.00133
2.03929 -0.506539 3.00434 3.00125
2.03929 -0.53199 2.98512 3.00119
2.03929 -0.570225 2.95613 3.00111
2.03929 -0.595998 2.93717 3.00106
2.03929 -0.635132 2.90943 3.00098
2.03929 -0.661567 2.89148 3.00093
2.03929 -0.701802 2.86551 3.00086
2.03929 -0.72826 2.84772 3.00082
2.03929 -0.766657 2.8193 3.00076
2.03929 -0.791433 2.79931 3.00071
2.03929 -0.829124 2.76991 3.00066
2.03929 -0.855596 2.75211 3.00063
2.03929 -0.896561 2.72731 3.00058
2.03929 -0.924365 2.71162 3.00055
2.03929 -0.966105 2.68861 3.00052
2.03929 -0.992665 2.67262 3.00049
2.03929 -1.02998 2.64722 3.00046
2.03929 -1.05384 2.63043 3.00039
2.03929 -1.09085 2.60618 3.00008
2.03929 -1.11691 2.59051 2.99972
2.03929 -1.15786 2.56799 2.99884
2.03929 -1.18595 2.55359 2.998
2.03929 -1.22857 2.53235 2.99637
2.03929 -1.25718 2.51846 2.99496
2.03929 -1.30023 2.49796 2.99256
2.03929 -1.32911 2.48478 2.99055
2.03929 -1.37635 2.46429 2.98656
2.03929 -1.40194 2.45386 2.98407
2.03929 -1.44596 2.43653 2.97921
2.03929 -1.47538 2.42551 2.97533
2.03929 -1.51957 2.40957 2.9691
2.03929 -1.54904 2.3995 2.96459
2.03929 -1.59324 2.38501 2.95776
2.03929 -1.6227 2.37607 2.95274
2.03929 -1.66686 2.36349 2.94415
2.03929 -1.69615 2.35591 2.93723
2.03929 -1.73986 2.34532 2.92389
2.03929 -1.76876 2.33885 2.91383
2.03929 -1.81178 2.32964 2.89806
2.03929 -1.8398 2.32426 2.88643
2.03929 -1.88164 2.31652 2.86894
2.03929 -1.90858 2.31234 2.85593
2.03929 -1.94847 2.30671 2.83696
2.03929 -1.9727 2.30393 2.82297
2.03929 -2.00796 2.30042 2.80096
2.03929 -2.02737 2.29952 2.78517
2.03929 -2.05982 2.29808 2.76056
2.03929 -2.07875 2.298 2.74389
2.03929 -2.10825 2.29806 2.71807
2.03929 -2.12539 2.29867 2.70021
2.03929 -2.15049 2.29945 2.67283
2.03929 -2.16756 2.29994 2.65146
2.03929 -2.18184 2.30015 2.6349
2.03929 -2.21209 2.30042 2.60165
2.03929 -2.22921 2.30063 2.58288
2.03929 -2.25413 2.30109 2.55553
2.03929 -2.27081 2.30148 2.53744
2.03929 -2.29405 2.30176 2.50954
2.03929 -2.31023 2.3018 2.49056
2.03929 -2.33637 2.30172 2.46202
2.03929 -2.35104 2.30167 2.44311
2.03929 -2.3763 2.30165 2.41506
2.03929 -2.39215 2.30164 2.39609
2.03929 -2.41584 2.30158 2.36757
2.03929 -2.43167 2.30149 2.34875
2.03929 -2.4543 2.30137 2.32023
2.03929 -2.47053 2.30127 2.30114
2.03929 -2.4964 2.30115 2.27185
2.03929 -2.51246 2.30113 2.25287
2.03929 -2.53561 2.30112 2.22451
2.03929 -2.55168 2.30114 2.20561
2.03929 -2.57615 2.30117 2.17695
2.03929 -2.59167 2.30124 2.15789
2.03929 -2.60795 2.30128 2.13878
2.03929 -2.63247 2.30126 2.11012
2.03929 -2.65699 2.30122 2.08182
2.03929 -2.67269 2.30122 2.06294
2.03929 -2.68907 2.3012 2.04441
2.03929 -2.71254 2.30127 2.01745
2.03929 -2.73602 2.30148 1.99094
2.03929 -2.75203 2.30156 1.97292
2.03929 -2.77721 2.3016 1.94537
2.03929 -2.79324 2.30157 1.92682
2.03929 -2.8181 2.30147 1.89888
2.03929 -2.83339 2.30141 1.88033
2.03929 -2.85678 2.30132 1.85216
2.03929 -2.87195 2.30122 1.83336
2.03929 -2.89672 2.30114 1.80499
2.03929 -2.9118 2.30114 1.78623
2.03929 -2.92864 2.30112 1.76713
2.03929 -2.9528 2.30113 1.73832
2.03929 -2.96837 2.3012 1.71878
2.03929 -2.99265 2.30119 1.68734
2.03929 -3.00649 2.30115 1.67064
2.03929 -3.03034 2.30108 1.64142
2.03929 -3.04718 2.30102 1.62191
2.03929 -3.07268 2.30083 1.58984
2.03929 -3.0866 2.30074 1.5732
2.03929 -3.10993 2.30055 1.54491
2.03929 -3.12457 2.3004 1.52682
2.03929 -3.14791 2.3003 1.49934
2.03929 -3.16367 2.30031 1.48047
2.03929 -3.18772 2.30028 1.4518
2.03929 -3.20365 2.30026 1.43297
2.03929 -3.22631 2.3003 1.40503
2.03929 -3.24289 2.30115 1.38637
2.03929 -3.26593 2.30692 1.35783
2.03929 -3.28211 2.31131 1.33831
2.03929 -3.30601 2.31942 1.30924
2.03929 -3.32167 2.32295 1.28984
2.03929 -3.34217 2.32491 1.26194
2.03929 -3.35455 2.32537 1.24392
2.03929 -3.37173 2.32716 1.21734
2.03929 -3.38245 2.32919 1.20014
2.03929 -3.40017 2.33438 1.1755
2.03929 -3.41203 2.3391 1.15999
2.03929 -3.42878 2.34637 1.13791
2.03929 -3.43817 2.35024 1.12354
2.03929 -3.45106 2.35559 1.10236
2.03929 -3.45809 2.35912 1.08912
2.03929 -3.46913 2.36505 1.07092
2.03929 -3.47709 2.36919 1.05954
2.03929 -3.48832 2.37505 1.04366
2.03929 -3.49473 2.37831 1.03378
2.03929 -3.50375 2.3825 1.01893
2.03929 -3.50866 2.38477 1.00993
2.03929 -3.51141 2.38615 1.00376
2.03929 -3.51626 2.38876 0.993856
2.03929 -3.51996 2.39077 0.987583
2.03929 -3.52465 2.39335 0.979399
2.03929 -3.52695 2.39454 0.974652
2.03929 -3.52975 2.39577 0.968393
2.03929 -3.53007 2.3958 0.965113
2.03929 -3.52931 2.39535 0.961342
2.03929 -3.52875 2.3951 0.959638
2.03929 -3.52795 2.39477 0.957435
2.03929 -3.52788 2.39475 0.956066
2.03929 -3.52826 2.39496 0.954564
2.03929 -3.52898 2.3953 0.953653
2.03929 -3.5294 2.39543 0.952503
2.03929 -3.52923 2.39532 0.951876
2.03929 -3.52865 2.39505 0.951182
2.03929 -3.52832 2.39491 0.950826
2.03929 -3.52811 2.39483 0.950445
2.03929 -3.52836 2.39495 0.950265
2.03929 -3.52885 2.39516 0.950081
2.03929 -3.52903 2.39522 0.950006
2.03929 -3.52895 2.39517 0.949947
2.03929 -3.52871 2.39506 0.949922
2.03929 -3.52836 2.39493 0.949892
2.03929 -3.52828 2.39492 0.949879
2.03929 -3.52844 2.39501 0.949861
2.03929 -3.52861 2.3951 0.949849
2.03929 -3.52873 2.3951 0.949819
2.03929 -3.52836 2.39394 0.949308
2.03929 -3.52769 2.39194 0.948565
2.03929 -3.52647 2.38823 0.947126
2.03929 -3.52538 2.3847 0.945524
2.03929 -3.52353 2.37841 0.941922
2.03929 -3.52211 2.37364 0.938588
2.03929 -3.51957 2.3678 0.931938
2.03929 -3.5178 2.36567 0.926837
2.03929 -3.51514 2.36403 0.918476
2.03929 -3.51363 2.36286 0.912539
2.03929 -3.51187 2.36033 0.903227
2.03929 -3.51095 2.35784 0.896988
2.03929 -3.50954 2.35288 0.887761
2.03929 -3.50865 2.34969 0.881723
2.03929 -3.5074 2.34492 0.872873
2.03929 -3.50654 2.34059 0.867046
2.03929 -3.50546 2.33683 0.85858
2.03929 -3.50497 2.3362 0.853064
2.03929 -3.50435 2.33522 0.844965
2.03929 -3.5039 2.33359 0.839861
2.03929 -3.50326 2.33016 0.8324
2.03929 -3.50287 2.3271 0.827542
2.03929 -3.50238 2.32248 0.820455
2.03929 -3.5021 2.32018 0.815791
2.03929 -3.50185 2.31854 0.809283
2.03929 -3.50164 2.31749 0.805067
2.03929 -3.5013 2.31567 0.799001
2.03929 -3.5011 2.31473 0.795068
2.03929 -3.50086 2.31306 0.789569
2.03929 -3.50076 2.31187 0.786115
2.03929 -3.50069 2.31026 0.781206
2.03929 -3.50066 2.30943 0.778056
2.03929 -3.50054 2.30818 0.773544
2.03929 -3.50045 2.30744 0.770629
2.03929 -3.50033 2.30662 0.766501
2.03929 -3.50026 2.306 0.763965
2.03929 -3.5002 2.305 0.760332
2.03929 -3.50019 2.30448 0.758014
2.03929 -3.50019 2.30388 0.754719
2.03929 -3.50017 2.30356 0.752601
2.03929 -3.50014 2.30313 0.749601
2.03929 -3.50013 2.3029 0.74769
2.03929 -3.50014 2.30248 0.744899
2.03929 -3.50013 2.30219 0.743172
2.03929 -3.5001 2.30185 0.740772
2.03929 -3.50006 2.30167 0.739242
2.03929 -3.49996 2.30148 0.737017
2.03929 -3.4999 2.30139 0.735541
2.03929 -3.49984 2.30127 0.733455
2.03929 -3.49983 2.30113 0.73193
2.03929 -3.49984 2.30102 0.730768
2.03929 -3.49983 2.30085 0.728665
2.03929 -3.49981 2.30079 0.727571
2.03929 -3.49975 2.30071 0.726002
2.03929 -3.49972 2.30067 0.724984
2.03929 -3.49969 2.30057 0.723573
2.03929 -3.49968 2.30047 0.722673
2.03929 -3.49967 2.30034 0.721368
2.03929 -3.49967 2.30027 0.720553
2.03929 -3.49966 2.30021 0.719754
2.03929 -3.49965 2.30015 0.718589
2.03929 -3.49965 2.3001 0.717495
2.03929 -3.49965 2.30006 0.716796
2.03929 -3.49966 2.29999 0.715826
2.03929 -3.49967 2.29995 0.715205
2.03929 -3.4997 2.29991 0.714324
2.03929 -3.49972 2.2999 0.713773
2.03929 -3.49974 2.2999 0.713234
2.03929 -3.49977 2.29988 0.712465
2.03929 -3.49979 2.29986 0.711987
2.03929 -3.49983 2.29982 0.711306
2.03929 -3.49985 2.2998 0.710856
2.03929 -3.4999 2.29977 0.710208
2.03929 -3.49991 2.29977 0.709801
2.03929 -3.49991 2.29976 0.70927
2.03929 -3.49991 2.29976 0.708768
2.03929 -3.49991 2.29975 0.708419
2.03929 -3.49992 2.29976 0.70792
2.03929 -3.49992 2.29977 0.707607
2.03929 -3.49993 2.29978 0.707162
2.03929 -3.49993 2.29979 0.706874
2.03929 -3.49992 2.29981 0.706474
2.03929 -3.49992 2.29982 0.706228
2.03929 -3.49992 2.29982 0.705871
2.03929 -3.49993 2.29982 0.705641
2.03929 -3.49995 2.29982 0.705288
2.03929 -3.49995 2.29981 0.705075
2.03929 -3.49993 2.29979 0.704778
2.03929 -3.49991 2.29979 0.704593
2.03929 -3.49991 2.29979 0.704417
2.03929 -3.49991 2.2998 0.704119
2.03929 -3.49992 2.2998 0.703959
2.03929 -3.49993 2.29979 0.703807
2.03929 -3.49994 2.29976 0.703592
2.03929 -3.49994 2.29975 0.703414
2.03929 -3.49994 2.29975 0.703275
2.03929 -3.49994 2.29975 0.703075
2.03929 -3.49995 2.29975 0.702973
2.03929 -3.49997 2.29974 0.702806
2.03929 -3.49998 2.29973 0.702703
2.03929 -3.49998 2.29971 0.702553
2.03929 -3.49997 2.29971 0.702437
2.03929 -3.49995 2.29972 0.70236
2.03929 -3.49995 2.29972 0.702234
2.03929 -3.49995 2.29973 0.702142
2.03929 -3.49995 2.29974 0.702063
2.03929 -3.49995 2.29978 0.701932
2.03929 -3.49994 2.29981 0.701864
2.03929 -3.49992 2.29985 0.701767
2.03929 -3.4999 2.29986 0.701702
2.03929 -3.49989 2.29986 0.70161
2.03929 -3.4999 2.29987 0.701549
2.03929 -3.4999 2.29988 0.701458
2.03929 -3.49989 2.2999 0.701395
2.03929 -3.49987 2.29991 0.701302
2.03929 -3.49985 2.29992 0.701241
2.03929 -3.49982 2.29994 0.701149
2.03929 -3.49981 2.29994 0.701088
2.03929 -3.49982 2.29995 0.700999
2.03929 -3.49983 2.29995 0.70094
2.03929 -3.49985 2.29996 0.700853
2.03929 -3.49986 2.29996 0.700794
2.03929 -3.49985 2.29996 0.700704
2.03929 -3.49983 2.29998 0.700656
2.03929 -3.49896 2.30065 0.700669
2.03929 -3.49738 2.30168 0.700823
2.03929 -3.49344 2.30403 0.701366
2.03929 -3.48974 2.3061 0.701946
2.03929 -3.48266 2.30981 0.703223
2.03929 -3.47682 2.31264 0.704314
2.03929 -3.46658 2.31724 0.706578
2.03929 -3.45866 2.3205 0.708505
2.03929 -3.44518 2.32561 0.712076
2.03929 -3.43518 2.32907 0.714974
2.03929 -3.4186 2.33433 0.719977
2.03929 -3.40638 2.33779 0.723646
2.03929 -3.38665 2.34283 0.729957
2.03929 -3.37248 2.34593 0.734912
2.03929 -3.34969 2.35038 0.743295
2.03929 -3.33345 2.35293 0.749304
2.03929 -3.30759 2.35614 0.759387
2.03929 -3.28941 2.35761 0.767367
2.03929 -3.26062 2.35901 0.78017
2.03929 -3.24065 2.35911 0.789661
2.03929 -3.20983 2.35814 0.805648
2.03929 -3.18869 2.35643 0.816939
2.03929 -3.15869 2.35294 0.832434
2.03929 -3.12904 2.34766 0.848773
2.03929 -3.10626 2.34286 0.8605
2.03929 -3.07268 2.33368 0.879838
2.03929 -3.0508 2.32691 0.893411
2.03929 -3.0185 2.3156 0.914966
2.03929 -2.99813 2.30785 0.930818
2.03929 -2.97759 2.30188 0.947591
2.03929 -2.94863 2.29985 0.973543
2.03929 -2.92801 2.29974 0.991965
2.03929 -2.90148 2.29747 1.02016
2.03929 -2.88127 2.29287 1.03903
2.03929 -2.85509 2.28199 1.06735
2.03929 -2.83977 2.27341 1.08637
2.03929 -2.81422 2.26329 1.11445
2.03929 -2.79621 2.26017 1.13325
2.03929 -2.77112 2.25897 1.16163
2.03929 -2.74521 2.25921 1.19102
2.03929 -2.7268 2.25803 1.21282
2.03929 -2.71071 2.25414 1.23216
2.03929 -2.68849 2.24736 1.26053
2.03929 -2.67426 2.24304 1.27911
2.03929 -2.6495 2.23752 1.30725
2.03929 -2.63412 2.23557 1.32561
2.03929 -2.61333 2.2341 1.35044
2.03929 -2.59039 2.23102 1.37766
2.03929 -2.5758 2.22838 1.39685
2.03929 -2.55473 2.2268 1.42579
2.03929 -2.53972 2.22741 1.44591
2.03929 -2.51814 2.22894 1.47559
2.03929 -2.50172 2.22929 1.49482
2.03929 -2.48701 2.22861 1.5137
2.03929 -2.46491 2.225 1.54268
2.03929 -2.44977 2.22198 1.56272
2.03929 -2.42719 2.21871 1.5924
2.03929 -2.40447 2.21795 1.62141
2.03929 -2.39019 2.21871 1.64034
2.03929 -2.37228 2.22112 1.66228
2.03929 -2.34799 2.22433 1.69418
2.03929 -2.33432 2.22454 1.71163
2.03929 -2.3111 2.22352 1.74097
2.03929 -2.29106 2.22164 1.7652
2.03929 -2.27621 2.22036 1.78417
2.03929 -2.25955 2.21962 1.80531
2.03929 -2.23554 2.21924 1.83365
2.03929 -2.21967 2.21829 1.85272
2.03929 -2.19632 2.21869 1.88178
2.03929 -2.18097 2.22318 1.90129
2.03929 -2.15816 2.23392 1.93041
2.03929 -2.14384 2.24014 1.9497
2.03929 -2.13108 2.24464 1.97831
2.03929 -2.1246 2.24524 1.99691
2.03929 -2.1156 2.24517 2.02442
2.03929 -2.11017 2.24616 2.04265
2.03929 -2.10289 2.25106 2.06951
2.03929 -2.09831 2.25587 2.08663
2.03929 -2.09224 2.26266 2.11186
2.03929 -2.08454 2.26619 2.12864
2.03929 -2.06645 2.27059 2.15388
2.03929 -2.05056 2.27144 2.17329
2.03929 -2.03013 2.27017 2.19735
2.03929 -2.01512 2.26899 2.21512
2.03929 -1.99462 2.26722 2.23957
2.03929 -1.97397 2.26502 2.26426
2.03929 -1.95573 2.26277 2.28239
2.03929 -1.92422 2.26226 2.31023
2.03929 -1.90375 2.26524 2.32874
2.03929 -1.88191 2.26791 2.35646
2.03929 -1.87221 2.26854 2.37479
2.03929 -1.85445 2.27151 2.40081
2.03929 -1.84031 2.27302 2.41827
2.03929 -1.81823 2.27362 2.44282
2.03929 -1.80242 2.27458 2.45898
2.03929 -1.78001 2.27635 2.48196
2.03929 -1.7679 2.27691 2.49694
2.03929 -1.75471 2.27752 2.51985
2.03929 -1.74455 2.27744 2.53484
2.03929 -1.72464 2.27628 2.55703
2.03929 -1.71414 2.2761 2.57192
2.03929 -1.7016 2.27671 2.59456
2.03929 -1.69003 2.27696 2.60947
2.03929 -1.66863 2.27764 2.63156
2.03929 -1.65356 2.27864 2.64597
2.03929 -1.62638 2.28136 2.66784
2.03929 -1.60712 2.28442 2.68272
2.03929 -1.57893 2.29262 2.70565
2.03929 -1.55998 2.29954 2.72133
2.03929 -1.53035 2.31115 2.74488
2.03929 -1.50676 2.32012 2.76195
2.03929 -1.48389 2.3279 2.77685
2.03929 -1.44735 2.33885 2.79877
2.03929 -1.4222 2.34576 2.81266
2.03929 -1.38027 2.35694 2.83372
2.03929 -1.35424 2.36357 2.84626
2.03929 -1.31436 2.37344 2.86409
2.03929 -1.28727 2.37968 2.87504
2.03929 -1.24587 2.38837 2.89133
2.03929 -1.21785 2.39353 2.90136
2.03929 -1.17538 2.40061 2.91403
2.03929 -1.14688 2.4048 2.92186
2.03929 -1.10394 2.40995 2.93244
2.03929 -1.07519 2.41281 2.93875
2.03929 -1.03189 2.41596 2.94706
2.03929 -1.00293 2.41743 2.95189
2.03929 -0.959607 2.41962 2.95826
2.03929 -0.931288 2.42233 2.96197
2.03929 -0.890271 2.42843 2.96703
2.03929 -0.863921 2.43337 2.97013
2.03929 -0.825907 2.44174 2.97432
2.03929 -0.80145 2.44772 2.97665
2.03929 -0.766196 2.45749 2.9797
2.03929 -0.743708 2.46428 2.98145
2.03929 -0.711867 2.47532 2.98367
2.03929 -0.691715 2.48314 2.98497
2.03929 -0.663457 2.49593 2.98679
2.03929 -0.645781 2.50487 2.98793
2.03929 -0.621229 2.51909 2.9895
2.03929 -0.606013 2.52892 2.99044
2.03929 -0.585117 2.5443 2.99171
2.03929 -0.572352 2.55489 2.99252
2.03929 -0.559003 2.56746 2.99334
2.03929 -0.543053 2.58313 2.99422
2.03929 -0.525144 2.60003 2.99488
2.03929 -0.512379 2.61075 2.99498
2.03929 -0.49169 2.62555 2.99463
2.03929 -0.476856 2.6345 2.99419
2.03929 -0.461269 2.64279 2.9936
2.03929 -0.437088 2.65426 2.99239
2.03929 -0.414227 2.66651 2.99131
2.03929 -0.39994 2.67516 2.99065
2.03929 -0.379587 2.68829 2.98986
2.03929 -0.36642 2.69687 2.98968
2.03929 -0.353127 2.70486 2.98961
2.03929 -0.330541 2.71665 2.98945
2.03929 -0.310457 2.72608 2.98908
2.03929 -0.295146 2.73247 2.98864
2.03929 -0.279214 2.73828 2.98797
2.03929 -0.254674 2.74611 2.98673
2.03929 -0.23884 2.75153 2.98591
2.03929 -0.216213 2.76017 2.98497
2.03929 -0.20178 2.76613 2.98458
2.03929 -0.180902 2.775 2.98435
2.03929 -0.167234 2.78064 2.98432
2.03929 -0.14667 2.78861 2.98428
2.03929 -0.132913 2.79405 2.98407
2.03929 -0.111931 2.80197 2.98338
2.03929 -0.0974011 2.80626 2.98266
2.03929 -0.075096 2.81092 2.98151
2.03929 -0.0606308 2.81402 2.98075
2.03929 -0.0399014 2.81927 2.97981
2.03929 -0.026652 2.82301 2.97936
2.03929 -0.00749215 2.82898 2.97915
2.03929 0.00508234 2.83261 2.97917
2.03929 0.0246683 2.83515 2.97926
2.03929 0.0380942 2.83507 2.97926
2.03929 0.0604146 2.83319 2.97909
2.03929 0.0745273 2.83115 2.97883
2.03929 0.0963848 2.82745 2.97827
2.03929 0.111453 2.82441 2.97783
2.03929 0.134244 2.8199 2.9771
2.03929 0.149089 2.81742 2.97666
2.03929 0.170702 2.81431 2.97657
2.03929 0.184723 2.81238 2.97673
2.03929 0.205504 2.8089 2.97722
2.03929 0.219459 2.80602 2.97732
2.03929 0.240868 2.80121 2.97711
2.03929 0.257484 2.79736 2.97669
2.03929 0.274799 2.79313 2.97595
2.03929 0.296302 2.78771 2.97489
2.03929 0.311592 2.78407 2.97418
2.03929 0.33374 2.77905 2.97347
2.03929 0.348059 2.77584 2.97321
2.03929 0.368938 2.77117 2.97346
2.03929 0.382635 2.76799 2.97389
2.03929 0.404001 2.76242 2.97443
2.03929 0.419041 2.75827 2.97464
2.03929 0.442998 2.7516 2.97478
2.03929 0.459966 2.74679 2.97469
2.03929 0.486941 2.73894 2.97442
2.03929 0.505936 2.73311 2.97416
2.03929 0.535651 2.72334 2.97369
2.03929 0.555405 2.71672 2.97346
2.03929 0.584333 2.70723 2.97347
2.03929 0.603172 2.70114 2.97361
2.03929 0.631911 2.69077 2.97392
2.03929 0.65169 2.6826 2.97417
2.03929 0.682261 2.66867 2.97457
2.03929 0.703229 2.65824 2.97488
2.03929 0.735633 2.64114 2.97533
2.03929 0.757866 2.62876 2.97563
2.03929 0.792223 2.60893 2.97607
2.03929 0.815814 2.59475 2.97636
2.03929 0.852411 2.57229 2.9768
2.03929 0.877641 2.55655 2.97709
2.03929 0.915966 2.53271 2.97752
2.03929 0.940813 2.51756 2.97781
2.03929 0.976771 2.49599 2.97825
2.03929 0.999946 2.48228 2.97855
2.03929 1.03532 2.46133 2.97895
2.03929 1.0597 2.44658 2.97918
2.03929 1.09745 2.42298 2.97939
2.03929 1.12328 2.40617 2.97939
2.03929 1.16254 2.37966 2.97922
2.03929 1.18878 2.36134 2.97896
2.03929 1.22799 2.33354 2.97836
2.03929 1.25395 2.31476 2.97786
2.03929 1.29264 2.28626 2.97687
2.03929 1.31828 2.26707 2.97607
2.03929 1.34375 2.24765 2.97516
2.03929 1.38171 2.21824 2.97358
2.03929 1.41928 2.18839 2.97178
2.03929 1.44415 2.16829 2.97057
2.03929 1.48118 2.13787 2.96844
2.03929 1.50568 2.11763 2.96688
2.03929 1.54136 2.08839 2.9645
2.03929 1.56438 2.0698 2.96276
2.03929 1.59793 2.04317 2.95947
2.03929 1.62064 2.02567 2.9572
2.03929 1.656 1.99939 2.95371
2.03929 1.68045 1.98206 2.95111
2.03929 1.71808 1.95661 2.9467
2.03929 1.74378 1.94034 2.94334
2.03929 1.78298 1.91694 2.93813
2.03929 1.81283 1.90036 2.93354
2.03929 1.83967 1.88641 2.92893
2.03929 1.88024 1.86646 2.92149
2.03929 1.90751 1.85392 2.91598
2.03929 1.94867 1.83628 2.9068
2.03929 1.97634 1.82542 2.90038
2.03929 2.01792 1.81047 2.8902
2.03929 2.04574 1.80182 2.88253
2.03929 2.08745 1.79028 2.87079
2.03929 2.11513 1.78355 2.8625
2.03929 2.14619 1.7768 2.85265
2.03929 2.187 1.76985 2.83705
2.03929 2.21424 1.76591 2.82759
2.03929 2.25392 1.76237 2.81248
2.03929 2.28016 1.76091 2.8026
2.03929 2.31804 1.76081 2.78501
2.03929 2.34297 1.76158 2.77093
2.03929 2.37697 1.76535 2.74846
2.03929 2.39927 1.76827 2.73271
2.03929 2.43181 1.77407 2.70862
2.03929 2.45118 1.77888 2.69219
2.03929 2.47976 1.78802 2.66746
2.03929 2.49697 1.79462 2.65084
2.03929 2.52234 1.80665 2.62559
2.03929 2.53742 1.81526 2.60888
2.03929 2.55877 1.82905 2.58308
2.03929 2.57147 1.83908 2.56558
2.03929 2.58749 1.85462 2.53882
2.03929 2.59799 1.86427 2.5207
2.03929 2.61681 1.8772 2.49224
2.03929 2.63086 1.88511 2.47288
2.03929 2.64781 1.89406 2.4509
2.03929 2.66945 1.90518 2.41964
2.03929 2.68434 1.91312 2.39862
2.03929 2.69736 1.9204 2.38015
2.03929 2.71749 1.9304 2.35157
2.03929 2.73212 1.93649 2.32984
2.03929 2.75365 1.94486 2.30274
2.03929 2.76894 1.95041 2.28285
2.03929 2.79065 1.95812 2.25318
2.03929 2.80398 1.96276 2.23454
2.03929 2.82604 1.97076 2.20737
2.03929 2.841 1.97568 2.1892
2.03929 2.86377 1.98246 2.16152
2.03929 2.88033 1.98727 2.14315
2.03929 2.90374 1.99382 2.11544
2.03929 2.91927 1.99811 2.09667
2.03929 2.94138 2.00412 2.06831
2.03929 2.9576 2.00846 2.04854
2.03929 2.98173 2.01431 2.01845
2.03929 2.99993 2.01867 1.9953
2.03929 3.02228 2.02415 1.96794
2.03929 3.03837 2.02827 1.9487
2.03929 3.06169 2.03432 1.91997
2.03929 3.07771 2.03851 1.9006
2.03929 3.10261 2.04477 1.87207
2.03929 3.11807 2.04844 1.8537
2.03929 3.14288 2.05439 1.82597
2.03929 3.15918 2.05833 1.80775
2.03929 3.18427 2.06435 1.78039
2.03929 3.1998 2.06839 1.76189
2.03929 3.22462 2.07799 1.73394
2.03929 3.24038 2.08535 1.71534
2.03929 3.26473 2.09427 1.68673
2.03929 3.28148 2.09803 1.66721
2.03929 3.2985 2.10025 1.64738
2.03929 3.32295 2.10273 1.61779
2.03929 3.34848 2.10835 1.58811
2.03929 3.36496 2.11437 1.56817
2.03929 3.38874 2.12401 1.5395
2.03929 3.40503 2.12911 1.51974
2.03929 3.42999 2.13404 1.49108
2.03929 3.44665 2.1357 1.47203
2.03929 3.4747 2.13844 1.44239
2.03929 3.49179 2.14155 1.42444
2.03929 3.50871 2.14519 1.40632
2.03929 3.53403 2.15071 1.37848
2.03929 3.55187 2.15416 1.35961
2.03929 3.5759 2.15783 1.33112
2.03929 3.59376 2.1601 1.31173
2.03929 3.61867 2.16405 1.28311
2.03929 3.63145 2.1675 1.26471
2.03929 3.6506 2.17427 1.23783
2.03929 3.66422 2.17938 1.22058
2.03929 3.68222 2.18654 1.1968
2.03929 3.6955 2.19096 1.18156
2.03929 3.71377 2.19687 1.16009
2.03929 3.72567 2.20116 1.14672
2.03929 3.74003 2.20789 1.1276
2.03929 3.7501 2.21326 1.11492
2.03929 3.76322 2.22122 1.09654
2.03929 3.77126 2.2262 1.08512
2.03929 3.78448 2.23342 1.06895
2.03929 3.79334 2.23822 1.0585
2.03929 3.80329 2.24456 1.04436
2.03929 3.80893 2.2489 1.03551
2.03929 3.81632 2.25554 1.02351
2.03929 3.821 2.25956 1.01642
2.03929 3.82726 2.26377 1.00666
2.03929 3.83151 2.26594 1.00078
2.03929 3.8358 2.2679 0.993154
2.03929 3.83814 2.26923 0.988738
2.03929 3.8398 2.27074 0.983032
2.03929 3.84055 2.27187 0.979728
2.03929 3.84024 2.27229 0.975751
2.03929 3.84021 2.27219 0.973779
2.03929 3.83968 2.27159 0.971497
2.03929 3.83971 2.27151 0.970096
2.03929 3.83974 2.27121 0.968645
2.03929 3.84002 2.27131 0.968019
2.03929 3.84029 2.27178 0.967126
2.03929 3.84032 2.27196 0.966656
2.03929 3.84017 2.27191 0.966302
2.03929 3.8399 2.27166 0.96591
2.03929 3.83983 2.27155 0.965751
2.03929 3.83984 2.27135 0.965583
2.03929 3.83997 2.27139 0.9655
2.03929 3.84015 2.27163 0.965418
2.03929 3.8402 2.27174 0.965381
2.03929 3.84011 2.27172 0.965333
2.03929 3.84002 2.27165 0.965299
2.03929 3.83995 2.2715 0.96526
2.03929 3.83997 2.27143 0.965241
2.03929 3.84009 2.27147 0.965217
2.03929 3.84017 2.27155 0.965207
2.03929 3.84019 2.27165 0.965197
2.03929 3.84015 2.27167 0.965192
2.03929 3.84005 2.27162 0.965185
2.03929 3.83994 2.27149 0.965127
2.03929 3.83913 2.27041 0.964529
2.03929 3.83812 2.2689 0.963779
2.03929 3.83612 2.26564 0.961666
2.03929 3.83446 2.26314 0.959669
2.03929 3.83119 2.26119 0.955113
2.03929 3.8295 2.26136 0.952184
2.03929 3.8264 2.26193 0.946069
2.03929 3.82412 2.26175 0.941111
2.03929 3.8207 2.25974 0.932865
2.03929 3.81897 2.25747 0.926986
2.03929 3.8174 2.25502 0.920953
2.03929 3.81538 2.25231 0.91153
2.03929 3.81429 2.25143 0.90513
2.03929 3.81255 2.25069 0.895253
2.03929 3.81137 2.25014 0.888628
2.03929 3.80963 2.24847 0.878501
2.03929 3.80895 2.24728 0.873219
2.03929 3.80786 2.24488 0.864155
2.03929 3.80727 2.24347 0.858262
2.03929 3.80641 2.24185 0.8496
2.03929 3.80588 2.24098 0.844143
2.03929 3.80507 2.2396 0.836283
2.03929 3.80458 2.23854 0.831258
2.03929 3.80396 2.23671 0.824159
2.03929 3.80364 2.23546 0.819702
2.03929 3.80324 2.23376 0.813227
2.03929 3.80303 2.23278 0.809089
2.03929 3.80272 2.2314 0.802948
2.03929 3.80246 2.23037 0.799153
2.03929 3.80208 2.22863 0.793576
2.03929 3.80187 2.2275 0.789901
2.03929 3.80161 2.22587 0.784659
2.03929 3.80146 2.22483 0.781277
2.03929 3.80129 2.22335 0.776479
2.03929 3.80117 2.22236 0.773459
2.03929 3.80097 2.22073 0.768775
2.03929 3.80087 2.21965 0.765988
2.03929 3.80077 2.21799 0.76208
2.03929 3.80071 2.21688 0.759618
2.03929 3.80065 2.21527 0.756112
2.03929 3.8006 2.21423 0.75395
2.03929 3.80049 2.2127 0.750853
2.03929 3.80042 2.2117 0.748835
2.03929 3.80034 2.21059 0.746927
2.03929 3.80029 2.20914 0.744313
2.03929 3.80029 2.20823 0.7424
2.03929 3.80027 2.20733 0.740174
2.03929 3.80024 2.20672 0.738453
2.03929 3.8002 2.20609 0.736512
2.03929 3.80018 2.20552 0.735149
2.03929 3.80017 2.20463 0.733016
2.03929 3.80017 2.20423 0.731965
2.03929 3.80018 2.20365 0.730242
2.03929 3.80016 2.20335 0.729113
2.03929 3.80012 2.20302 0.727486
2.03929 3.8001 2.2028 0.726443
2.03929 3.80007 2.20246 0.72496
2.03929 3.80008 2.2022 0.724011
2.03929 3.80011 2.2019 0.72259
2.03929 3.80011 2.20174 0.721679
2.03929 3.8001 2.20155 0.720399
2.03929 3.80008 2.20143 0.719598
2.03929 3.80005 2.20098 0.717144
2.03929 3.80007 2.20073 0.71567
2.03929 3.80007 2.20073 0.71567
2.03929 3.80006 2.20067 0.7151
2.03929 3.80004 2.20061 0.714473
2.03929 3.80001 2.20053 0.713671
2.03929 3.79998 2.20047 0.713086
2.03929 3.79994 2.20038 0.712238
2.03929 3.79993 2.20034 0.71194
2.03929 3.7999 2.20026 0.711252
2.03929 3.79989 2.2002 0.710596
2.03929 3.7999 2.20014 0.709755
2.03929 3.7999 2.20013 0.709556
2.03929 3.79991 2.2001 0.708977
2.03929 3.79991 2.2001 0.708799
2.03929 3.79993 2.20009 0.708248
2.03929 3.79994 2.20007 0.707849
2.03929 3.79996 2.20006 0.707508
2.03929 3.79999 2.20004 0.70722
2.03929 3.80003 2.2 0.70682
2.03929 3.80006 2.19999 0.70657
2.03929 3.80009 2.19998 0.706211
2.03929 3.80009 2.19998 0.705985
2.03929 3.80008 2.19997 0.705656
2.03929 3.80007 2.19997 0.705248
2.03929 3.80008 2.19997 0.705149
2.03929 3.80009 2.19998 0.704955
2.03929 3.80011 2.20002 0.704602
2.03929 3.80011 2.20004 0.704438
2.03929 3.8001 2.20005 0.704282
2.03929 3.80007 2.20007 0.704061
2.03929 3.80004 2.20007 0.703852
2.03929 3.80003 2.20007 0.703784
2.03929 3.80001 2.20005 0.703586
2.03929 3.8 2.20003 0.703456
2.03929 3.79998 2.20001 0.703269
2.03929 3.79996 2.19999 0.703148
2.03929 3.79992 2.19997 0.702971
2.03929 3.7999 2.19996 0.702857
2.03929 3.79989 2.19995 0.702686
2.03929 3.79988 2.19994 0.7026
2.03929 3.79988 2.19991 0.70246
2.03929 3.79987 2.1999 0.702369
2.03929 3.79986 2.1999 0.70224
2.03929 3.79987 2.19991 0.70216
2.03929 3.79988 2.19993 0.702049
2.03929 3.7999 2.19993 0.701978
2.03929 3.79991 2.19992 0.701874
2.03929 3.79991 2.1999 0.701805
2.03929 3.79991 2.19988 0.701704
2.03929 3.79991 2.19988 0.70164
2.03929 3.79992 2.19991 0.701553
2.03929 3.79994 2.19994 0.701499
2.03929 3.79996 2.19997 0.701422
2.03929 3.79999 2.19998 0.701375
2.03929 3.80004 2.2 0.701308
2.03929 3.80007 2.20001 0.701268
2.03929 3.80012 2.20004 0.701213
2.03929 3.80015 2.20006 0.701181
2.03929 3.8002 2.20009 0.70114
2.03929 3.80023 2.20011 0.701115
2.03929 3.80027 2.20011 0.701082
2.03929 3.80029 2.20011 0.701061
2.03929 3.80031 2.20009 0.701033
2.03929 3.80031 2.20009 0.701016
2.03929 3.8003 2.2001 0.700992
2.03929 3.80027 2.20012 0.700976
2.03929 3.80023 2.20013 0.700951
2.03929 3.80021 2.20012 0.700933
2.03929 3.80016 2.20009 0.700904
2.03929 3.80013 2.20009 0.700882
2.03929 3.80009 2.20011 0.700848
2.03929 3.80007 2.20013 0.700826
2.03929 3.80006 2.20015 0.700794
2.03929 3.80006 2.20016 0.700773
2.03929 3.80006 2.20016 0.700752
2.03929 3.80008 2.20018 0.700729
2.03929 3.80009 2.2002 0.700714
2.03929 3.80011 2.20023 0.700694
2.03929 3.80013 2.20026 0.700683
2.03929 3.80017 2.20029 0.700666
2.03929 3.80019 2.2003 0.700657
2.03929 3.80024 2.20033 0.700646
2.03929 3.80028 2.20035 0.70064
2.03929 3.80033 2.20039 0.700632
2.03929 3.80037 2.20041 0.700627
2.03929 3.80042 2.20044 0.700621
2.03929 3.80046 2.20047 0.700618
2.03929 3.80052 2.20052 0.700614
2.03929 3.80056 2.20054 0.700611
2.03929 3.80062 2.20058 0.700609
2.03929 3.80065 2.20061 0.700607
2.03929 3.80067 2.20066 0.700605
2.03929 3.80068 2.20069 0.700603
2.03929 3.80067 2.20072 0.700601
2.03929 3.80067 2.20074 0.700599
2.03929 3.80066 2.20078 0.700596
2.03929 3.80066 2.2008 0.700594
2.03929 3.80066 2.20083 0.700591
2.03929 3.80066 2.20083 0.700589
2.03929 3.80067 2.20084 0.700585
2.03929 3.80068 2.20083 0.700583
2.03929 3.80067 2.20083 0.700579
2.03929 3.80067 2.20082 0.700577
2.03929 3.80066 2.20081 0.700574
2.03929 3.80066 2.2008 0.700571
2.03929 3.80066 2.20079 0.700568
2.03929 3.80066 2.20078 0.700566
2.03929 3.80067 2.20076 0.700562
2.03929 3.80067 2.20075 0.700559
2.03929 3.80068 2.20074 0.700557
2.03929 3.80071 2.20072 0.700554
2.03929 3.80072 2.20072 0.700552
2.03929 3.80075 2.20072 0.70055
2.03929 3.80076 2.20074 0.700549
2.03929 3.80078 2.20077 0.700547
2.03929 3.8008 2.20078 0.700546
2.03929 3.80083 2.20078 0.700544
2.03929 3.80086 2.20078 0.700543
2.03929 3.80088 2.20078 0.700542
2.03929 3.80091 2.20078 0.700541
2.03929 3.80092 2.20078 0.700541
2.03929 3.80094 2.20078 0.70054
2.03929 3.80096 2.20078 0.700539
2.03929 3.80097 2.20081 0.700538
2.03929 3.80098 2.20083 0.700537
2.03929 3.80098 2.20086 0.700536
2.03929 3.80097 2.20087 0.700535
2.03929 3.80096 2.20089 0.700533
2.03929 3.80095 2.20089 0.700532
2.03929 3.80094 2.2009 0.70053
2.03929 3.80093 2.2009 0.700528
2.03929 3.80093 2.20091 0.700526
2.03929 3.80093 2.20091 0.700524
2.03929 3.80093 2.20091 0.700522
2.03929 3.80093 2.20092 0.70052
2.03929 3.80092 2.20093 0.700519
2.03929 3.80092 2.20094 0.700517
2.03929 3.80092 2.20098 0.700515
2.03929 3.80093 2.20101 0.700513
2.03929 3.80095 2.20106 0.700511
2.03929 3.80096 2.20111 0.70051
2.03929 3.80096 2.20245 0.700508
2.03929 3.80095 2.20444 0.700506
2.03929 3.80092 2.20831 0.700504
2.03929 3.80089 2.21098 0.700503
2.03929 3.80084 2.21497 0.7005
2.03929 3.8008 2.21764 0.700497
2.03929 3.80074 2.22164 0.700492
2.03929 3.8007 2.2243 0.700489
2.03929 3.80064 2.22832 0.700483
2.03929 3.80061 2.23111 0.700479
2.03929 3.80055 2.23538 0.700474
2.03929 3.80051 2.23825 0.70047
2.03929 3.80046 2.2426 0.700463
2.03929 3.80043 2.24552 0.700458
2.03929 3.8004 2.2499 0.700451
2.03929 3.80041 2.2528 0.700447
2.03929 3.80047 2.25738 0.700444
2.03929 3.8005 2.25974 0.700442
2.03929 3.80052 2.26362 0.700441
2.03929 3.8005 2.26611 0.70044
2.03929 3.80042 2.26967 0.700437
2.03929 3.80037 2.27191 0.700434
2.03929 3.80032 2.27499 0.700428
2.03929 3.8003 2.27761 0.700421
2.03929 3.8003 2.27927 0.700418
2.03929 3.8003 2.28088 0.700415
2.03929 3.80029 2.28314 0.700407
2.03929 3.80027 2.2847 0.700401
2.03929 3.8002 2.28566 0.70039
2.03929 3.80018 2.28573 0.700386
2.03929 3.80016 2.28699 0.700375
2.03929 3.80016 2.2874 0.700373
2.03929 3.80016 2.28863 0.700369
2.03929 3.80015 2.28943 0.700366
2.03929 3.80013 2.29056 0.700361
2.03929 3.8001 2.29125 0.700358
2.03929 3.80007 2.29218 0.700351
2.03929 3.80005 2.29281 0.700346
2.03929 3.80005 2.29293 0.700342
2.03929 3.80007 2.29281 0.700336
2.03929 3.80012 2.29272 0.700333
2.03929 3.8001 2.29274 0.700328
2.03929 3.80012 2.29286 0.700325
2.03929 3.80016 2.293 0.700322
2.03929 3.80019 2.29315 0.70032
2.03929 3.80023 2.29335 0.700316
2.03929 3.80024 2.29348 0.700314
2.03929 3.80025 2.29367 0.700312
2.03929 3.80026 2.29381 0.70031
2.03929 3.80032 2.29423 0.700308
2.03929 3.80034 2.29434 0.700308
2.03929 3.80039 2.29469 0.700308
2.03929 3.80042 2.29493 0.700307
2.03929 3.80044 2.29523 0.700307
2.03929 3.80048 2.29521 0.700308
2.03929 3.80052 2.29518 0.70031
2.03929 3.8005 2.29519 0.70031
2.03929 3.80047 2.29526 0.70031
2.03929 3.80048 2.29538 0.700309
2.03929 3.80051 2.29503 0.700309
2.03929 3.80057 2.2941 0.700308
2.03929 3.80059 2.29352 0.700308
2.03929 3.80061 2.29281 0.700308
2.03929 3.8006 2.29236 0.700308
2.03929 3.80057 2.29169 0.700308
2.03929 3.80056 2.29096 0.700307
2.03929 3.80059 2.28921 0.700308
2.03929 3.80059 2.2881 0.700308
2.03929 3.80056 2.28662 0.700308
2.03929 3.80052 2.28566 0.700308
2.03929 3.80044 2.28424 0.700306
2.03929 3.80038 2.2833 0.700305
2.03929 3.80035 2.28129 0.700303
2.03929 3.80034 2.27997 0.700301
2.03929 3.80034 2.27875 0.700299
2.03929 3.80034 2.27701 0.700296
2.03929 3.80034 2.27586 0.700294
2.03929 3.80036 2.27412 0.700291
2.03929 3.80037 2.27279 0.700289
2.03929 3.80041 2.27083 0.700287
2.03929 3.80044 2.26937 0.700286
2.03929 3.80046 2.26718 0.700286
2.03929 3.80046 2.26573 0.700286
2.03929 3.80046 2.26357 0.700286
2.03929 3.80045 2.26211 0.700286
2.03929 3.80044 2.25992 0.700287
2.03929 3.80043 2.25846 0.700287
2.03929 3.80043 2.25628 0.700288
2.03929 3.80041 2.25484 0.700288
2.03929 3.80039 2.25271 0.700288
2.03929 3.80039 2.25182 0.700288
2.03929 3.80039 2.24971 0.700288
2.03929 3.80041 2.24759 0.700288
2.03929 3.80043 2.24617 0.700289
2.03929 3.80044 2.24402 0.700289
2.03929 3.80043 2.2426 0.700289
2.03929 3.80041 2.24117 0.700289
2.03929 3.80037 2.23905 0.700289
2.03929 3.80033 2.23692 0.700288
2.03929 3.80031 2.2355 0.700288
2.03929 3.80029 2.23334 0.700286
2.03929 3.80028 2.2319 0.700285
2.03929 3.80029 2.23045 0.700284
2.03929 3.80032 2.22828 0.700283
2.03929 3.80034 2.22682 0.700282
2.03929 3.80034 2.22444 0.700281
2.03929 3.80034 2.22318 0.700281
2.03929 3.80032 2.22108 0.70028
2.03929 3.80031 2.21973 0.700279
2.03929 3.80031 2.21781 0.700278
2.03929 3.80031 2.2166 0.700277
2.03929 3.80032 2.21491 0.700276
2.03929 3.80032 2.21387 0.700275
2.03929 3.80031 2.21242 0.700273
2.03929 3.8003 2.21152 0.700272
2.03929 3.80029 2.21026 0.700271
2.03929 3.80025 2.20878 0.700269
2.03929 3.80024 2.20844 0.700268
2.03929 3.80021 2.2075 0.700266
2.03929 3.8002 2.20693 0.700265
2.03929 3.8002 2.20639 0.700263
2.03929 3.80022 2.20564 0.700261
2.03929 3.80024 2.20518 0.700259
2.03929 3.80026 2.20454 0.700259
2.03929 3.80026 2.20414 0.700259
2.03929 3.80023 2.2036 0.700258
2.03929 3.80021 2.20328 0.700257
2.03929 3.80018 2.20288 0.700255
2.03929 3.80017 2.20264 0.700254
2.03929 3.80016 2.20243 0.700253
2.03929 3.80018 2.20213 0.70025
2.03929 3.8002 2.20194 0.70025
2.03929 3.80023 2.20173 0.700249
2.03929 3.80025 2.2016 0.700249
2.03929 3.80028 2.20146 0.700249
2.03929 3.80029 2.20135 0.700249
2.03929 3.8003 2.20127 0.700249
2.03929 3.80027 2.20113 0.70025
2.03929 3.80025 2.20105 0.70025
2.03929 3.80024 2.20094 0.70025
2.03929 3.80023 2.20088 0.700251
2.03929 3.8002 2.2008 0.70025
2.03929 3.80019 2.20074 0.70025
2.03929 3.80017 2.20066 0.700249
2.03929 3.80016 2.20062 0.700249
2.03929 3.80014 2.20056 0.700249
2.03929 3.80012 2.20052 0.700248
2.03929 3.8001 2.20049 0.700247
2.03929 3.80006 2.20044 0.700246
2.03929 3.80003 2.2004 0.700244
2.03929 3.80001 2.20036 0.700242
2.03929 3.8 2.20033 0.70024
2.03929 3.8 2.20033 0.700237
2.03929 3.8 2.20034 0.700235
2.03929 3.80001 2.20037 0.700233
2.03929 3.80001 2.20039 0.700231
2.03929 3.80001 2.20043 0.700229
2.03929 3.80001 2.20045 0.700228
2.03929 3.80002 2.20047 0.700227
2.03929 3.80004 2.20045 0.700226
2.03929 3.80007 2.20039 0.700225
2.03929 3.80008 2.20034 0.700225
2.03929 3.80009 2.20029 0.700225
2.03929 3.80006 2.2002 0.700225
2.03929 3.80003 2.20016 0.700225
2.03929 3.80001 2.20014 0.700224
2.03929 3.79999 2.20012 0.700223
2.03929 3.79999 2.20011 0.700222
2.03929 3.79999 2.20009 0.700219
2.03929 3.79999 2.20007 0.700218
2.03929 3.79998 2.20004 0.700215
2.03929 3.79997 2.20002 0.700214
2.03929 3.79996 2.20001 0.700213
2.03929 3.79994 2.2 0.700211
2.03929 3.79993 2.2 0.700209
2.03929 3.79991 2.20001 0.700208
2.03929 3.79988 2.20003 0.700205
2.03929 3.79986 2.20005 0.700203
2.03929 3.79983 2.2001 0.700201
2.03929 3.79982 2.20014 0.7002
2.03929 3.79983 2.20019 0.700198
2.03929 3.79985 2.20022 0.700197
2.03929 3.79991 2.20025 0.700195
2.03929 3.79997 2.20026 0.700195
2.03929 3.80005 2.20027 0.700195
2.03929 3.8001 2.20029 0.700195
2.03929 3.80017 2.20031 0.700196
2.03929 3.80021 2.20033 0.700197
2.03929 3.80026 2.20036 0.700198
2.03929 3.80028 2.20037 0.700199
2.03929 3.8003 2.20038 0.7002
2.03929 3.80031 2.20038 0.700201
2.03929 3.80034 2.20037 0.700202
2.03929 3.80035 2.20035 0.700203
2.03929 3.80038 2.20033 0.700205
2.03929 3.8004 2.20033 0.700206
2.03929 3.80044 2.20033 0.700207
