1.75368 3.49995 0.499509 0.182449
1.75368 3.49996 0.499519 0.182442
1.75368 3.49997 0.499526 0.182472
1.75368 3.49999 0.499537 0.182451
1.75368 3.50001 0.499541 0.182467
1.75368 3.50003 0.499552 0.182462
1.75368 3.50003 0.49955 0.182469
1.75368 3.50003 0.49955 0.182479
1.75368 3.50002 0.499556 0.182472
1.75368 3.50003 0.499557 0.18247
1.75368 3.50004 0.499568 0.182466
1.75368 3.50004 0.499568 0.18246
1.75368 3.50005 0.499574 0.182459
1.75368 3.50006 0.499571 0.182469
1.75368 3.50006 0.499565 0.18248
1.75368 3.50005 0.499557 0.182471
1.75368 3.50004 0.499548 0.182467
1.75368 3.50003 0.499542 0.182451
1.75368 3.50003 0.499533 0.182469
1.75368 3.50003 0.499538 0.182471
1.75368 3.50004 0.499531 0.182472
1.75368 3.50003 0.499531 0.182426
1.75368 3.50003 0.499519 0.182442
1.75368 3.50001 0.499514 0.182458
1.75368 3.50001 0.499518 0.182446
1.75368 3.50001 0.499512 0.182453
1.75368 3.50001 0.499512 0.182471
1.75368 3.50004 0.499515 0.18246
1.75368 3.50005 0.499529 0.18246
1.75368 3.50004 0.499538 0.182451
1.75368 3.50002 0.499551 0.182454
1.75368 3.50002 0.499557 0.182455
1.75368 3.50003 0.499549 0.182468
1.75368 3.50004 0.499547 0.182458
1.75368 3.50004 0.499544 0.182468
1.75368 3.50004 0.499539 0.182465
1.75368 3.50004 0.499538 0.182466
1.75368 3.50004 0.499539 0.182452
1.75368 3.50005 0.499543 0.182491
1.75368 3.50001 0.499547 0.182469
1.75368 3.49999 0.499559 0.18245
1.75368 3.49999 0.499561 0.182468
1.75368 3.49998 0.499571 0.182457
1.75368 3.49998 0.499578 0.182452
1.75368 3.49997 0.49957 0.18246
1.75368 3.49999 0.499575 0.182471
1.75368 3.50001 0.499591 0.182468
1.75368 3.5 0.499589 0.182487
1.75368 3.49996 0.499591 0.182469
1.75368 3.49996 0.499597 0.182468
1.75368 3.49998 0.499598 0.182447
1.75368 3.49996 0.499599 0.182473
1.75368 3.49997 0.499613 0.182473
1.75368 3.49996 0.499609 0.182469
1.75368 3.49998 0.499613 0.18247
1.75368 3.49999 0.49962 0.18247
1.75368 3.49997 0.499634 0.182469
1.75368 3.49994 0.49964 0.182479
1.75368 3.49993 0.499653 0.182463
1.75368 3.49993 0.499659 0.182481
1.75368 3.49995 0.499662 0.182457
1.75368 3.49995 0.499655 0.18247
1.75368 3.49994 0.499647 0.182449
1.75368 3.49994 0.499646 0.182469
1.75368 3.49994 0.499643 0.182468
1.75368 3.49994 0.499647 0.182472
1.75368 3.49991 0.499637 0.182439
1.75368 3.49992 0.499638 0.182504
1.75368 3.4999 0.499626 0.18246
1.75368 3.49989 0.499623 0.182468
1.75368 3.4999 0.499626 0.182468
1.75368 3.4999 0.49963 0.182489
1.75368 3.49989 0.499603 0.182458
1.75368 3.4999 0.499592 0.182451
1.75368 3.4999 0.499596 0.18247
1.75368 3.4999 0.499594 0.18245
1.75368 3.49989 0.4996 0.182448
1.75368 3.4999 0.499612 0.182464
1.75368 3.49991 0.499614 0.18251
1.75368 3.49996 0.499606 0.182472
1.75368 3.49994 0.499602 0.182469
1.75368 3.49994 0.499602 0.182468
1.75368 3.49992 0.499596 0.18247
1.75368 3.49992 0.499598 0.182467
1.75368 3.49992 0.499596 0.182465
1.75368 3.49991 0.499602 0.182478
1.75368 3.49993 0.499598 0.182448
1.75368 3.49994 0.499593 0.182459
1.75368 3.49994 0.499596 0.182463
1.75368 3.49993 0.499597 0.182434
1.75368 3.49993 0.499594 0.18247
1.75368 3.49993 0.499596 0.182442
1.75368 3.49993 0.499588 0.182469
1.75368 3.49994 0.499581 0.182472
1.75368 3.49995 0.49958 0.1825
1.75368 3.49996 0.499528 0.182457
1.75368 3.49995 0.499514 0.182478
1.75368 3.49993 0.499495 0.182461
1.75368 3.49993 0.499506 0.182456
1.75368 3.49991 0.499504 0.182468
1.75368 3.49991 0.499506 0.182469
1.75368 3.49991 0.499514 0.182467
1.75368 3.49991 0.499516 0.182469
1.75368 3.49992 0.499524 0.18246
1.75368 3.49992 0.499524 0.182466
1.75368 3.49991 0.499541 0.182469
1.75368 3.49992 0.499528 0.182458
1.75368 3.49992 0.499525 0.18245
1.75368 3.49992 0.499516 0.182467
1.75368 3.49992 0.499496 0.182465
1.75368 3.49992 0.499503 0.182459
1.75368 3.49993 0.499504 0.182472
1.75368 3.49994 0.499526 0.182476
1.75368 3.49994 0.499526 0.182501
1.75368 3.49997 0.499565 0.182468
1.75368 3.49996 0.499565 0.182468
1.75368 3.49996 0.499573 0.182468
1.75368 3.49996 0.499554 0.182453
1.75368 3.49996 0.499546 0.18247
1.75368 3.49996 0.49953 0.18247
1.75368 3.49997 0.499517 0.182466
1.75368 3.49996 0.499503 0.18247
1.75368 3.49996 0.499497 0.182469
1.75368 3.49998 0.499499 0.182467
1.75368 3.5 0.4995 0.182469
1.75368 3.49999 0.499503 0.182473
1.75368 3.5 0.4995 0.182455
1.75368 3.50001 0.499505 0.182441
1.75368 3.50001 0.499507 0.182472
1.75368 3.50002 0.499536 0.182469
1.75368 3.50002 0.499555 0.182473
1.75368 3.50002 0.499555 0.18245
1.75368 3.50002 0.499551 0.182473
1.75368 3.50001 0.499559 0.182464
1.75368 3.50001 0.499553 0.182454
1.75368 3.50002 0.499563 0.18253
1.75368 3.50002 0.499559 0.182496
1.75368 3.49993 0.499554 0.182449
1.75368 3.49993 0.499556 0.182446
1.75368 3.49993 0.499567 0.18247
1.75368 3.49993 0.499573 0.18247
1.75368 3.49993 0.499576 0.182436
1.75368 3.49996 0.499576 0.182453
1.75368 3.49994 0.499565 0.182456
1.75368 3.49995 0.499567 0.182459
1.75368 3.49994 0.499567 0.182452
1.75368 3.49993 0.499561 0.182457
1.75368 3.49993 0.499564 0.182458
1.75368 3.49993 0.499563 0.182438
1.75368 3.49992 0.499586 0.182468
1.75368 3.49993 0.499582 0.182445
1.75368 3.49992 0.499573 0.182441
1.75368 3.49992 0.499579 0.18244
1.75368 3.49992 0.499576 0.182468
1.75368 3.49992 0.499577 0.182464
1.75368 3.49992 0.499568 0.182471
1.75368 3.49993 0.499569 0.18248
1.75368 3.49991 0.499573 0.182462
1.75368 3.49993 0.499592 0.182457
1.75368 3.49993 0.499577 0.18243
1.75368 3.49993 0.499592 0.182463
1.75368 3.49993 0.499584 0.18245
1.75368 3.49992 0.499587 0.182433
1.75368 3.49993 0.499603 0.182468
1.75368 3.49993 0.499613 0.182468
1.75368 3.49992 0.499607 0.182467
1.75368 3.49992 0.499601 0.182469
1.75368 3.49991 0.499585 0.182461
1.75368 3.49991 0.499581 0.182469
1.75368 3.49991 0.499569 0.182468
1.75368 3.49991 0.499582 0.182491
1.75368 3.4999 0.499598 0.182474
1.75368 3.49986 0.499606 0.182467
1.75368 3.49986 0.499606 0.182468
1.75368 3.49986 0.499596 0.182467
1.75368 3.49987 0.499601 0.182477
1.75368 3.49985 0.499606 0.182462
1.75368 3.49985 0.499608 0.182467
1.75368 3.49985 0.49961 0.182467
1.75368 3.49984 0.499608 0.182465
1.75368 3.49983 0.499612 0.18247
1.75368 3.49982 0.499608 0.18248
1.75368 3.49981 0.49959 0.182468
1.75368 3.49982 0.499603 0.182467
1.75368 3.49983 0.499593 0.182437
1.75368 3.49983 0.499593 0.182473
1.75368 3.49983 0.499591 0.182459
1.75368 3.49982 0.499597 0.182456
1.75368 3.49983 0.499603 0.182473
1.75368 3.49984 0.499604 0.182471
1.75368 3.49982 0.499606 0.182447
1.75368 3.49983 0.499598 0.182453
1.75368 3.49982 0.499599 0.182464
1.75368 3.49981 0.499601 0.18247
1.75368 3.49982 0.499601 0.182519
1.75368 3.49983 0.499615 0.182501
1.75368 3.49982 0.499688 0.182453
1.75368 3.49983 0.499696 0.182461
1.75368 3.49983 0.499701 0.182448
1.75368 3.49983 0.499702 0.182466
1.75368 3.49982 0.49969 0.182467
1.75368 3.49982 0.499686 0.182466
1.75368 3.49982 0.499687 0.182432
1.75368 3.49983 0.499673 0.182471
1.75368 3.49983 0.499682 0.182463
1.75368 3.49981 0.499691 0.182468
1.75368 3.4998 0.499685 0.182459
1.75368 3.4998 0.499692 0.182469
1.75368 3.49979 0.499692 0.182467
1.75368 3.49979 0.499678 0.182468
1.75368 3.4998 0.499661 0.182468
1.75368 3.49978 0.499662 0.18246
1.75368 3.49979 0.499674 0.182467
1.75368 3.49979 0.499671 0.18247
1.75368 3.49978 0.499666 0.182468
1.75368 3.49977 0.499668 0.182444
1.75368 3.49978 0.499668 0.182473
1.75368 3.49976 0.499666 0.182472
1.75368 3.49976 0.499671 0.182468
1.75368 3.49975 0.499662 0.182467
1.75368 3.49975 0.499667 0.182465
1.75368 3.49974 0.499669 0.182445
1.75368 3.49973 0.499669 0.182507
1.75368 3.49972 0.499676 0.182468
1.75368 3.49973 0.499677 0.182469
1.75368 3.49972 0.499682 0.182455
1.75368 3.49972 0.499674 0.182472
1.75368 3.49968 0.49968 0.182461
1.75368 3.49968 0.499688 0.182466
1.75368 3.49968 0.499701 0.18247
1.75368 3.49967 0.499706 0.182468
1.75368 3.49966 0.499702 0.18247
1.75368 3.49966 0.499711 0.182465
1.75368 3.49966 0.499728 0.182468
1.75368 3.49965 0.499726 0.182494
1.75368 3.49965 0.499754 0.18247
1.75368 3.49963 0.499747 0.182446
1.75368 3.49963 0.499745 0.182469
1.75368 3.49962 0.499757 0.182463
1.75368 3.49963 0.499757 0.182469
1.75368 3.49962 0.499753 0.182471
1.75368 3.49962 0.499754 0.18246
1.75368 3.49961 0.499749 0.182478
1.75368 3.49962 0.499716 0.182474
1.75368 3.49961 0.49973 0.184772
1.75368 3.49961 0.499728 0.186809
1.75368 3.4996 0.499715 0.189524
1.75368 3.4996 0.499706 0.191527
1.75368 3.49959 0.499699 0.194786
1.75368 3.49958 0.499692 0.19711
1.75368 3.49957 0.499688 0.200782
1.75368 3.49957 0.499693 0.20332
1.75368 3.49958 0.499704 0.207255
1.75368 3.4996 0.499709 0.209948
1.75368 3.49964 0.499704 0.214077
1.75368 3.49969 0.499684 0.216963
1.75368 3.49978 0.499627 0.221791
1.75368 3.49983 0.499585 0.225359
1.75368 3.49989 0.499546 0.231551
1.75368 3.49991 0.49954 0.235972
1.75368 3.49991 0.499538 0.240412
1.75368 3.4999 0.499536 0.247115
1.75368 3.4999 0.499531 0.251561
1.75368 3.49207 0.493594 0.260115
1.75368 3.48256 0.487438 0.265856
1.75368 3.46678 0.478748 0.274668
1.75368 3.45546 0.473677 0.281415
1.75368 3.43863 0.467893 0.293037
1.75368 3.42898 0.465758 0.302426
1.75368 3.41536 0.462896 0.317289
1.75368 3.40377 0.459365 0.327328
1.75368 3.38496 0.454362 0.343839
1.75368 3.37038 0.450494 0.355403
1.75368 3.35516 0.447072 0.36755
1.75368 3.33137 0.443229 0.386716
1.75368 3.31583 0.441747 0.400374
1.75368 3.29311 0.439623 0.421904
1.75368 3.27506 0.437734 0.43944
1.75368 3.25222 0.435138 0.462272
1.75368 3.23314 0.433168 0.479185
1.75368 3.20451 0.432003 0.505918
1.75368 3.18484 0.433457 0.524141
1.75368 3.15907 0.437567 0.551947
1.75368 3.14211 0.439945 0.570093
1.75368 3.11904 0.441239 0.596609
1.75368 3.10241 0.440452 0.613957
1.75368 3.07906 0.438702 0.640119
1.75368 3.06288 0.438333 0.658374
1.75368 3.03761 0.439939 0.686441
1.75368 3.01779 0.440664 0.710252
1.75368 3.00432 0.439444 0.726946
1.75368 2.98059 0.432781 0.755589
1.75368 2.96506 0.427095 0.774576
1.75368 2.94282 0.422903 0.802994
1.75368 2.92817 0.424848 0.821502
1.75368 2.90559 0.432331 0.849775
1.75368 2.89202 0.437268 0.869329
1.75368 2.87018 0.441274 0.898845
1.75368 2.85699 0.441297 0.917964
1.75368 2.83464 0.438075 0.947742
1.75368 2.8245 0.436204 0.962851
1.75368 2.79916 0.432106 0.997916
1.75368 2.78455 0.428345 1.01829
1.75368 2.77041 0.423515 1.03864
1.75368 2.75465 0.416551 1.06122
1.75368 2.73338 0.410279 1.0905
1.75368 2.71402 0.411635 1.11948
1.75368 2.6986 0.41687 1.14136
1.75368 2.68103 0.426351 1.16837
1.75368 2.6688 0.434122 1.18807
1.75368 2.64969 0.444021 1.21845
1.75368 2.63325 0.451924 1.24344
1.75368 2.62102 0.454083 1.26339
1.75368 2.60828 0.452133 1.28338
1.75368 2.58725 0.445751 1.31469
1.75368 2.56607 0.439394 1.34704
1.75368 2.55307 0.434351 1.36821
1.75368 2.53381 0.42674 1.39918
1.75368 2.52034 0.421325 1.41942
1.75368 2.502 0.41867 1.4496
1.75368 2.48752 0.421449 1.47306
1.75368 2.47511 0.426075 1.49385
1.75368 2.45515 0.436171 1.52725
1.75368 2.44385 0.442897 1.5476
1.75368 2.42641 0.45251 1.57751
1.75368 2.41533 0.458912 1.59691
1.75368 2.3974 0.460595 1.62637
1.75368 2.3842 0.457248 1.64609
1.75368 2.3635 0.450022 1.67605
1.75368 2.35097 0.444931 1.69558
1.75368 2.33381 0.43777 1.72329
1.75368 2.32058 0.432298 1.74468
1.75368 2.30292 0.427195 1.7724
1.75368 2.29054 0.428489 1.7912
1.75368 2.27441 0.433772 1.81492
1.75368 2.25522 0.442527 1.84541
1.75368 2.24333 0.447992 1.86406
1.75368 2.23201 0.454136 1.88278
1.75368 2.21536 0.464483 1.91137
1.75368 2.20497 0.473809 1.93
1.75368 2.18689 0.483013 1.9578
1.75368 2.17358 0.483367 1.9765
1.75368 2.15254 0.480087 2.00555
1.75368 2.1389 0.47982 2.02528
1.75368 2.11992 0.484069 2.05507
1.75368 2.1079 0.491053 2.07495
1.75368 2.09001 0.504101 2.10529
1.75368 2.07817 0.51024 2.1252
1.75368 2.05744 0.516084 2.15481
1.75368 2.04392 0.520085 2.17461
1.75368 2.02444 0.528322 2.20394
1.75368 2.01182 0.53202 2.22354
1.75368 1.99239 0.536954 2.25304
1.75368 1.97748 0.540705 2.27486
1.75368 1.95729 0.54514 2.30311
1.75368 1.94357 0.548755 2.32193
1.75368 1.92171 0.556883 2.35079
1.75368 1.90703 0.56248 2.37038
1.75368 1.88613 0.569821 2.40129
1.75368 1.8717 0.574348 2.42217
1.75368 1.85153 0.579724 2.45311
1.75368 1.83857 0.582714 2.47339
1.75368 1.82252 0.587013 2.50267
1.75368 1.81047 0.589494 2.52145
1.75368 1.78761 0.591951 2.54959
1.75368 1.76988 0.593553 2.56849
1.75368 1.75097 0.595268 2.58816
1.75368 1.71804 0.599723 2.61786
1.75368 1.69823 0.603911 2.63739
1.75368 1.67025 0.611172 2.66677
1.75368 1.64182 0.617474 2.69577
1.75368 1.62113 0.621229 2.71478
1.75368 1.58503 0.627062 2.74264
1.75368 1.55699 0.631459 2.76271
1.75368 1.53338 0.635197 2.78026
1.75368 1.49628 0.640447 2.80585
1.75368 1.47112 0.642703 2.82246
1.75368 1.43216 0.643069 2.8464
1.75368 1.40343 0.640712 2.86115
1.75368 1.36288 0.63398 2.88149
1.75368 1.33408 0.628669 2.89369
1.75368 1.29188 0.618639 2.91045
1.75368 1.26398 0.611626 2.92079
1.75368 1.22123 0.599981 2.93487
1.75368 1.19183 0.591245 2.94332
1.75368 1.14407 0.573423 2.95531
1.75368 1.11175 0.559273 2.96265
1.75368 1.08359 0.544975 2.96864
1.75368 1.04277 0.520801 2.976
1.75368 1.01645 0.503489 2.98016
1.75368 0.990564 0.485621 2.98396
1.75368 0.953856 0.460084 2.98883
1.75368 0.916966 0.437376 2.99288
1.75368 0.890477 0.423288 2.99513
1.75368 0.849434 0.401978 2.99794
1.75368 0.822598 0.38739 2.99951
1.75368 0.793579 0.369419 3.00099
1.75368 0.7586 0.341058 3.0026
1.75368 0.734924 0.317579 3.00354
1.75368 0.710218 0.290998 3.00437
1.75368 0.683618 0.262424 3.00505
1.75368 0.664846 0.241928 3.00543
1.75368 0.638337 0.210932 3.00583
1.75368 0.622526 0.189479 3.00599
1.75368 0.601839 0.156078 3.00602
1.75368 0.58962 0.133305 3.00598
1.75368 0.573396 0.0981467 3.0059
1.75368 0.561965 0.0747265 3.00583
1.75368 0.543232 0.0395975 3.00568
1.75368 0.528689 0.0167896 3.00556
1.75368 0.504648 -0.0166798 3.00533
1.75368 0.487408 -0.0384771 3.00517
1.75368 0.459912 -0.0702547 3.00491
1.75368 0.441139 -0.0912645 3.00474
1.75368 0.411562 -0.121712 3.00451
1.75368 0.391255 -0.141566 3.00436
1.75368 0.35961 -0.170151 3.0041
1.75368 0.337857 -0.188334 3.00393
1.75368 0.315819 -0.205891 3.00377
1.75368 0.282587 -0.231235 3.00354
1.75368 0.260324 -0.247317 3.00339
1.75368 0.226937 -0.270308 3.00317
1.75368 0.201783 -0.286505 3.00301
1.75368 0.17089 -0.304883 3.00282
1.75368 0.148199 -0.316905 3.0027
1.75368 0.113917 -0.332683 3.00253
1.75368 0.0909493 -0.341722 3.00242
1.75368 0.0566064 -0.353866 3.00227
1.75368 0.0336848 -0.360628 3.00218
1.75368 -0.000640796 -0.369217 3.00204
1.75368 -0.0235641 -0.373581 3.00196
1.75368 -0.0464751 -0.377195 3.00187
1.75368 -0.0867165 -0.380799 3.00172
1.75368 -0.11558 -0.381559 3.00161
1.75368 -0.135864 -0.381379 3.00154
1.75368 -0.170877 -0.379529 3.00144
1.75368 -0.194409 -0.377121 3.00137
1.75368 -0.230186 -0.37224 3.00127
1.75368 -0.257399 -0.367265 3.00117
1.75368 -0.294381 -0.359154 3.00102
1.75368 -0.319491 -0.352643 3.00092
1.75368 -0.357998 -0.341392 3.00076
1.75368 -0.39065 -0.330561 3.00062
1.75368 -0.419709 -0.319758 3.00049
1.75368 -0.444823 -0.310306 3.00038
1.75368 -0.480985 -0.297383 3.00022
1.75368 -0.504131 -0.289622 3.00012
1.75368 -0.53988 -0.277773 2.99999
1.75368 -0.560692 -0.270823 2.99993
1.75368 -0.592105 -0.262225 2.99975
1.75368 -0.613553 -0.25711 2.99943
1.75368 -0.646367 -0.249117 2.99863
1.75368 -0.668763 -0.243384 2.99762
1.75368 -0.703286 -0.234356 2.9959
1.75368 -0.727094 -0.228037 2.99458
1.75368 -0.762549 -0.217214 2.99264
1.75368 -0.784982 -0.208681 2.99128
1.75368 -0.816693 -0.19436 2.98911
1.75368 -0.836476 -0.183737 2.98757
1.75368 -0.864478 -0.166849 2.98523
1.75368 -0.881846 -0.154773 2.98378
1.75368 -0.909215 -0.138531 2.9818
1.75368 -0.929273 -0.129644 2.98055
1.75368 -0.961505 -0.11808 2.97881
1.75368 -0.98406 -0.110879 2.97769
1.75368 -1.0223 -0.0992281 2.97592
1.75368 -1.05 -0.0912097 2.97476
1.75368 -1.07544 -0.0840334 2.97378
1.75368 -1.11511 -0.0737996 2.97236
1.75368 -1.14268 -0.0676846 2.97147
1.75368 -1.1857 -0.059916 2.9701
1.75368 -1.21528 -0.0552549 2.96906
1.75368 -1.26069 -0.0488583 2.96726
1.75368 -1.29145 -0.0447877 2.96578
1.75368 -1.33781 -0.0381275 2.96313
1.75368 -1.36897 -0.033861 2.96083
1.75368 -1.41598 -0.0277764 2.9569
1.75368 -1.44736 -0.0237854 2.95389
1.75368 -1.49432 -0.0175678 2.9487
1.75368 -1.53324 -0.012072 2.94349
1.75368 -1.56037 -0.00799597 2.93946
1.75368 -1.6066 -0.000706971 2.93139
1.75368 -1.63725 0.00423385 2.92555
1.75368 -1.68291 0.0116803 2.916
1.75368 -1.71306 0.0166596 2.90877
1.75368 -1.75801 0.0242153 2.89715
1.75368 -1.78759 0.0294475 2.88868
1.75368 -1.81669 0.03487 2.87929
1.75368 -1.85945 0.0432937 2.8629
1.75368 -1.89109 0.0497715 2.84884
1.75368 -1.93522 0.0592817 2.82583
1.75368 -1.95743 0.0642065 2.81217
1.75368 -1.99553 0.0728952 2.78916
1.75368 -2.02028 0.0787972 2.77343
1.75368 -2.05363 0.0871183 2.74951
1.75368 -2.07495 0.0926061 2.73345
1.75368 -2.10239 0.100024 2.70919
1.75368 -2.1181 0.10458 2.69274
1.75368 -2.14347 0.111754 2.66757
1.75368 -2.16452 0.117557 2.64794
1.75368 -2.18747 0.123965 2.62504
1.75368 -2.2061 0.129206 2.6061
1.75368 -2.22647 0.135009 2.58495
1.75368 -2.25128 0.142161 2.55603
1.75368 -2.26841 0.146915 2.53446
1.75368 -2.28918 0.152383 2.50847
1.75368 -2.30829 0.157393 2.48946
1.75368 -2.33192 0.163736 2.46272
1.75368 -2.34962 0.168693 2.4446
1.75368 -2.37476 0.176039 2.41674
1.75368 -2.39162 0.18097 2.39784
1.75368 -2.41317 0.187108 2.3706
1.75368 -2.43088 0.191991 2.35005
1.75368 -2.45418 0.198375 2.3242
1.75368 -2.47007 0.202731 2.30529
1.75368 -2.49466 0.209593 2.27648
1.75368 -2.51067 0.214216 2.25724
1.75368 -2.52657 0.218927 2.23803
1.75368 -2.55072 0.22609 2.20876
1.75368 -2.56829 0.231108 2.18698
1.75368 -2.59455 0.238328 2.1553
1.75368 -2.61263 0.243374 2.13323
1.75368 -2.62835 0.247784 2.11366
1.75368 -2.65297 0.254683 2.08493
1.75368 -2.66877 0.259074 2.06677
1.75368 -2.69374 0.26585 2.0397
1.75368 -2.71014 0.270115 2.02127
1.75368 -2.7365 0.276993 1.99132
1.75368 -2.75232 0.281168 1.97235
1.75368 -2.76747 0.285103 1.95245
1.75368 -2.79245 0.291462 1.92191
1.75368 -2.80936 0.295737 1.9016
1.75368 -2.83351 0.301831 1.87175
1.75368 -2.85165 0.306502 1.84954
1.75368 -2.87343 0.312313 1.82322
1.75368 -2.88836 0.316435 1.80424
1.75368 -2.91198 0.323035 1.77541
1.75368 -2.92744 0.327276 1.75618
1.75368 -2.95212 0.333912 1.72698
1.75368 -2.96885 0.338443 1.70643
1.75368 -2.9922 0.344921 1.67544
1.75368 -3.00834 0.349556 1.65539
1.75368 -3.032 0.356476 1.62613
1.75368 -3.04661 0.360637 1.60704
1.75368 -3.07065 0.367202 1.57866
1.75368 -3.08622 0.371367 1.55957
1.75368 -3.11313 0.378696 1.53068
1.75368 -3.12861 0.383076 1.51153
1.75368 -3.15365 0.390161 1.4827
1.75368 -3.16818 0.394203 1.46335
1.75368 -3.19694 0.395973 1.42918
1.75368 -3.21264 0.395818 1.40944
1.75368 -3.22914 0.398539 1.38976
1.75368 -3.25262 0.40846 1.36103
1.75368 -3.26865 0.413219 1.34212
1.75368 -3.29336 0.415268 1.31327
1.75368 -3.30981 0.415044 1.29362
1.75368 -3.33107 0.412945 1.26425
1.75368 -3.3433 0.412151 1.24532
1.75368 -3.36103 0.415165 1.21735
1.75368 -3.37292 0.41909 1.1992
1.75368 -3.38981 0.423628 1.17255
1.75368 -3.40212 0.425228 1.15578
1.75368 -3.4193 0.425384 1.13246
1.75368 -3.42974 0.42455 1.11779
1.75368 -3.4437 0.424439 1.09703
1.75368 -3.45147 0.425894 1.08351
1.75368 -3.46232 0.429146 1.06464
1.75368 -3.46964 0.431098 1.05291
1.75368 -3.47979 0.432517 1.03652
1.75368 -3.48642 0.432563 1.02653
1.75368 -3.49601 0.431892 1.01334
1.75368 -3.50128 0.431805 1.00426
1.75368 -3.50583 0.432575 0.995887
1.75368 -3.51098 0.43424 0.985597
1.75368 -3.51387 0.435234 0.979534
1.75368 -3.51806 0.435878 0.971389
1.75368 -3.52051 0.435707 0.966617
1.75368 -3.5232 0.435019 0.960158
1.75368 -3.5242 0.434745 0.956539
1.75368 -3.52402 0.43491 0.952249
1.75368 -3.52321 0.435277 0.949998
1.75368 -3.52229 0.435483 0.947087
1.75368 -3.52219 0.435472 0.945367
1.75368 -3.52216 0.435431 0.94316
1.75368 -3.52215 0.435408 0.941959
1.75368 -3.52212 0.435377 0.940461
1.75368 -3.52211 0.435352 0.939632
1.75368 -3.52208 0.435313 0.93859
1.75368 -3.52206 0.435288 0.938017
1.75368 -3.52205 0.435268 0.937517
1.75368 -3.52205 0.435251 0.936888
1.75368 -3.52206 0.435254 0.936538
1.75368 -3.5221 0.435274 0.936099
1.75368 -3.52213 0.435292 0.935829
1.75368 -3.52219 0.435318 0.935534
1.75368 -3.52224 0.435335 0.935369
1.75368 -3.52232 0.435361 0.935195
1.75368 -3.52239 0.435382 0.935079
1.75368 -3.52251 0.435399 0.934924
1.75368 -3.52254 0.435291 0.934844
1.75368 -3.52222 0.433996 0.934429
1.75368 -3.52164 0.432023 0.933674
1.75368 -3.52055 0.428688 0.932008
1.75368 -3.51955 0.425881 0.930042
1.75368 -3.51791 0.421863 0.926325
1.75368 -3.51658 0.419171 0.922533
1.75368 -3.51471 0.416578 0.91622
1.75368 -3.51344 0.415274 0.911382
1.75368 -3.51179 0.413831 0.90359
1.75368 -3.51077 0.413049 0.898125
1.75368 -3.50926 0.417532 0.889566
1.75368 -3.50828 0.421951 0.883669
1.75368 -3.50703 0.422427 0.874891
1.75368 -3.50629 0.420309 0.869181
1.75368 -3.50555 0.417038 0.860754
1.75368 -3.50508 0.415041 0.855236
1.75368 -3.50445 0.414597 0.847121
1.75368 -3.50398 0.416576 0.841876
1.75368 -3.50348 0.419264 0.834351
1.75368 -3.50318 0.419545 0.829562
1.75368 -3.50289 0.420314 0.822824
1.75368 -3.50268 0.424465 0.818407
1.75368 -3.50253 0.427782 0.814096
1.75368 -3.50225 0.429504 0.80784
1.75368 -3.50208 0.429847 0.803796
1.75368 -3.50184 0.430419 0.797807
1.75368 -3.5017 0.430478 0.794031
1.75368 -3.50156 0.432095 0.788838
1.75368 -3.50148 0.434733 0.785528
1.75368 -3.50134 0.438239 0.780545
1.75368 -3.50125 0.440427 0.777287
1.75368 -3.50111 0.446497 0.773146
1.75368 -3.50102 0.449701 0.770536
1.75368 -3.50095 0.450983 0.767985
1.75368 -3.50088 0.452371 0.764291
1.75368 -3.50081 0.454866 0.760634
1.75368 -3.50075 0.45658 0.758007
1.75368 -3.50069 0.459593 0.755431
1.75368 -3.50062 0.463672 0.752467
1.75368 -3.50056 0.466661 0.750092
1.75368 -3.50048 0.469505 0.747379
1.75368 -3.50043 0.471583 0.745509
1.75368 -3.50037 0.474419 0.742918
1.75368 -3.50033 0.476315 0.741273
1.75368 -3.5003 0.478499 0.739703
1.75368 -3.50027 0.481691 0.737437
1.75368 -3.50026 0.483444 0.73598
1.75368 -3.50024 0.485198 0.733909
1.75368 -3.50024 0.486229 0.732648
1.75368 -3.50027 0.487802 0.730799
1.75368 -3.50029 0.488791 0.729874
1.75368 -3.50029 0.490503 0.7283
1.75368 -3.50027 0.491578 0.727282
1.75368 -3.50021 0.492543 0.72582
1.75368 -3.50018 0.493111 0.724877
1.75368 -3.50016 0.493819 0.723581
1.75368 -3.50016 0.494382 0.722769
1.75368 -3.50015 0.495187 0.721505
1.75368 -3.50014 0.495755 0.72084
1.75368 -3.50011 0.496422 0.719644
1.75368 -3.50009 0.496701 0.718905
1.75368 -3.50009 0.496895 0.718177
1.75368 -3.5001 0.49725 0.717115
1.75368 -3.5001 0.497485 0.71644
1.75368 -3.5001 0.497802 0.715376
1.75368 -3.50011 0.497785 0.714688
1.75368 -3.50011 0.497667 0.714114
1.75368 -3.50012 0.497526 0.713254
1.75368 -3.50013 0.49754 0.712642
1.75368 -3.50014 0.497648 0.711951
1.75368 -3.50015 0.497817 0.71143
1.75368 -3.50017 0.497993 0.710761
1.75368 -3.50018 0.498012 0.710327
1.75368 -3.50019 0.497962 0.70969
1.75368 -3.5002 0.497942 0.709278
1.75368 -3.50022 0.497992 0.708678
1.75368 -3.50022 0.498086 0.708305
1.75368 -3.50023 0.498191 0.707965
1.75368 -3.50024 0.498308 0.707493
1.75368 -3.50025 0.498326 0.707196
1.75368 -3.50028 0.4983 0.706766
1.75368 -3.5003 0.498298 0.706363
1.75368 -3.50031 0.498347 0.706077
1.75368 -3.50031 0.49841 0.705866
1.75368 -3.50028 0.498537 0.705517
1.75368 -3.50027 0.498595 0.705298
1.75368 -3.50026 0.498628 0.704959
1.75368 -3.50027 0.498638 0.704709
1.75368 -3.50028 0.498667 0.704514
1.75368 -3.50027 0.498757 0.704239
1.75368 -3.50024 0.498842 0.704045
1.75368 -3.50022 0.498916 0.70388
1.75368 -3.50019 0.498986 0.703644
1.75368 -3.50017 0.499016 0.703495
1.75368 -3.50016 0.499057 0.703286
1.75368 -3.50015 0.499103 0.703148
1.75368 -3.50015 0.499164 0.703022
1.75368 -3.50015 0.499263 0.702831
1.75368 -3.50015 0.499325 0.702713
1.75368 -3.50014 0.499379 0.702579
1.75368 -3.50015 0.499408 0.702498
1.75368 -3.50017 0.499461 0.702355
1.75368 -3.50017 0.499496 0.70228
1.75368 -3.50018 0.499563 0.702146
1.75368 -3.50018 0.499612 0.702067
1.75368 -3.50019 0.499675 0.701955
1.75368 -3.5002 0.499705 0.701883
1.75368 -3.50021 0.499747 0.701778
1.75368 -3.50021 0.499765 0.701713
1.75368 -3.50022 0.499791 0.70162
1.75368 -3.50022 0.4998 0.701562
1.75368 -3.50022 0.49982 0.701481
1.75368 -3.50022 0.499837 0.701428
1.75368 -3.50021 0.499854 0.701363
1.75368 -3.5002 0.499871 0.701293
1.75368 -3.5002 0.49988 0.701244
1.75368 -3.50019 0.499893 0.701173
1.75368 -3.50019 0.499908 0.701127
1.75368 -3.50019 0.499931 0.701061
1.75368 -3.50017 0.499939 0.701019
1.75368 -3.50014 0.499944 0.700954
1.75368 -3.50012 0.499941 0.700911
1.75368 -3.50013 0.499932 0.700849
1.75368 -3.50014 0.499932 0.700811
1.75368 -3.50015 0.499939 0.700775
1.75368 -3.50015 0.499947 0.700725
1.75368 -3.50014 0.499949 0.700678
1.75368 -3.50014 0.499951 0.700648
1.75368 -3.50014 0.49995 0.700615
1.75368 -3.50016 0.499955 0.700578
1.75368 -3.50017 0.499967 0.700552
1.75368 -3.50017 0.499991 0.700517
1.75368 -3.50016 0.500003 0.700495
1.75368 -3.50015 0.500001 0.700463
1.75368 -3.50014 0.499981 0.700441
1.75368 -3.50015 0.499954 0.70042
1.75368 -3.50015 0.499925 0.700398
1.75368 -3.50015 0.499906 0.700384
1.75368 -3.50016 0.499885 0.700365
1.75368 -3.50016 0.499878 0.700353
1.75368 -3.50016 0.49988 0.700337
1.75368 -3.50016 0.499886 0.700327
1.75368 -3.50016 0.499901 0.700311
1.75368 -3.50017 0.499908 0.700301
1.75368 -3.50017 0.4999 0.700285
1.75368 -3.50016 0.499883 0.700275
1.75368 -3.50018 0.499854 0.700259
1.75368 -3.50019 0.499839 0.700252
1.75368 -3.50022 0.499826 0.700242
1.75368 -3.50024 0.499825 0.700237
1.75368 -3.50027 0.499823 0.700232
1.75368 -3.50031 0.499817 0.700225
1.75368 -3.50034 0.499811 0.700221
1.75368 -3.50039 0.499693 0.700216
1.75368 -3.50043 0.499544 0.700213
1.75368 -3.50049 0.499211 0.700209
1.75368 -3.50051 0.499016 0.700207
1.75368 -3.50054 0.498667 0.700203
1.75368 -3.50054 0.498461 0.7002
1.75368 -3.50053 0.498247 0.700198
1.75368 -3.50055 0.497763 0.700194
1.75368 -3.50056 0.49739 0.700191
1.75368 -3.50058 0.496785 0.700188
1.75368 -3.50059 0.496376 0.700185
1.75368 -3.50061 0.495809 0.700182
1.75368 -3.5006 0.495216 0.700178
1.75368 -3.50059 0.494799 0.700175
1.75368 -3.50058 0.494348 0.700172
1.75368 -3.49997 0.493514 0.700251
1.75368 -3.49858 0.492819 0.70048
1.75368 -3.49489 0.491474 0.701033
1.75368 -3.49132 0.490373 0.701591
1.75368 -3.48427 0.48841 0.702835
1.75368 -3.47849 0.486906 0.703975
1.75368 -3.46814 0.484343 0.706372
1.75368 -3.46026 0.482466 0.708401
1.75368 -3.44678 0.479427 0.712271
1.75368 -3.43681 0.477275 0.715381
1.75368 -3.42032 0.473871 0.720686
1.75368 -3.40829 0.471499 0.724827
1.75368 -3.3887 0.467755 0.73183
1.75368 -3.37468 0.465177 0.737265
1.75368 -3.35199 0.461144 0.746364
1.75368 -3.33585 0.458368 0.752978
1.75368 -3.31029 0.454202 0.763631
1.75368 -3.29231 0.451402 0.771719
1.75368 -3.26392 0.447237 0.78485
1.75368 -3.24407 0.444476 0.794163
1.75368 -3.21297 0.440324 0.808369
1.75368 -3.19141 0.437533 0.818148
1.75368 -3.15765 0.433471 0.833592
1.75368 -3.12892 0.430343 0.848261
1.75368 -3.09494 0.427206 0.869933
1.75368 -3.07013 0.425305 0.887463
1.75368 -3.04505 0.423819 0.906252
1.75368 -3.016 0.422377 0.929621
1.75368 -2.9964 0.418421 0.947042
1.75368 -2.96828 0.406515 0.973207
1.75368 -2.94806 0.395744 0.990632
1.75368 -2.91883 0.381312 1.01704
1.75368 -2.90224 0.375491 1.03454
1.75368 -2.87568 0.370951 1.06145
1.75368 -2.85641 0.370955 1.07947
1.75368 -2.82912 0.37479 1.10615
1.75368 -2.81289 0.377822 1.12418
1.75368 -2.78605 0.380203 1.15174
1.75368 -2.7701 0.37992 1.17093
1.75368 -2.74636 0.370503 1.20012
1.75368 -2.73027 0.360646 1.22011
1.75368 -2.70579 0.347104 1.25007
1.75368 -2.6884 0.3416 1.27212
1.75368 -2.66715 0.340855 1.29913
1.75368 -2.65211 0.343068 1.31831
1.75368 -2.62959 0.348128 1.34584
1.75368 -2.61508 0.351719 1.36438
1.75368 -2.59133 0.355763 1.39246
1.75368 -2.5771 0.35586 1.41119
1.75368 -2.55349 0.346341 1.43976
1.75368 -2.53791 0.33849 1.45914
1.75368 -2.52015 0.331283 1.47966
1.75368 -2.50308 0.327992 1.50054
1.75368 -2.48054 0.328661 1.52825
1.75368 -2.46562 0.331365 1.54732
1.75368 -2.44217 0.33466 1.57652
1.75368 -2.42637 0.336629 1.59576
1.75368 -2.40287 0.341286 1.62393
1.75368 -2.38723 0.344431 1.64282
1.75368 -2.36492 0.340176 1.67131
1.75368 -2.34924 0.334854 1.69053
1.75368 -2.32682 0.328534 1.72053
1.75368 -2.3117 0.326295 1.74056
1.75368 -2.28918 0.327216 1.77046
1.75368 -2.27269 0.330864 1.79014
1.75368 -2.24871 0.334498 1.81835
1.75368 -2.23025 0.33638 1.84024
1.75368 -2.21466 0.339828 1.86261
1.75368 -2.18866 0.336492 1.89797
1.75368 -2.17402 0.332364 1.91778
1.75368 -2.15646 0.329412 1.93754
1.75368 -2.13347 0.331063 1.9665
1.75368 -2.1162 0.338438 1.9857
1.75368 -2.09323 0.353676 2.01364
1.75368 -2.07722 0.361109 2.03224
1.75368 -2.05416 0.365484 2.06038
1.75368 -2.03894 0.365906 2.07943
1.75368 -2.01593 0.366465 2.10845
1.75368 -1.99884 0.369461 2.12775
1.75368 -1.97526 0.376766 2.15662
1.75368 -1.96041 0.381685 2.17554
1.75368 -1.93648 0.386729 2.2035
1.75368 -1.92014 0.387686 2.22213
1.75368 -1.89807 0.387524 2.24973
1.75368 -1.88117 0.388062 2.26862
1.75368 -1.85719 0.390663 2.29714
1.75368 -1.8409 0.393322 2.3158
1.75368 -1.8162 0.396492 2.34625
1.75368 -1.802 0.397697 2.36496
1.75368 -1.78892 0.398201 2.38316
1.75368 -1.77045 0.398194 2.40987
1.75368 -1.75905 0.398383 2.42724
1.75368 -1.73784 0.400087 2.45417
1.75368 -1.72499 0.40165 2.47159
1.75368 -1.70684 0.403701 2.49396
1.75368 -1.70029 0.404147 2.50305
1.75368 -1.67686 0.404354 2.5238
1.75368 -1.64663 0.404342 2.54527
1.75368 -1.62943 0.404708 2.55706
1.75368 -1.6078 0.405459 2.57094
1.75368 -1.5748 0.406762 2.59199
1.75368 -1.55241 0.40753 2.60647
1.75368 -1.51744 0.407955 2.62846
1.75368 -1.49194 0.40785 2.64336
1.75368 -1.45166 0.407575 2.66501
1.75368 -1.42409 0.407475 2.67966
1.75368 -1.38827 0.407479 2.69784
1.75368 -1.3371 0.406749 2.72292
1.75368 -1.31096 0.405908 2.73527
1.75368 -1.26619 0.404201 2.75656
1.75368 -1.23565 0.403544 2.76917
1.75368 -1.20483 0.403507 2.781
1.75368 -1.15838 0.40408 2.79807
1.75368 -1.11172 0.404478 2.81479
1.75368 -1.0805 0.404474 2.82555
1.75368 -1.03368 0.404217 2.84058
1.75368 -1.00244 0.403906 2.84983
1.75368 -0.95553 0.403635 2.86214
1.75368 -0.924203 0.403663 2.8695
1.75368 -0.877135 0.403893 2.88017
1.75368 -0.845694 0.404035 2.8864
1.75368 -0.814206 0.404132 2.89193
1.75368 -0.766854 0.404146 2.8993
1.75368 -0.719346 0.404068 2.90588
1.75368 -0.687615 0.403847 2.90964
1.75368 -0.64047 0.40121 2.91462
1.75368 -0.609676 0.397677 2.91757
1.75368 -0.564631 0.390539 2.92159
1.75368 -0.535469 0.385142 2.92404
1.75368 -0.507195 0.379273 2.92633
1.75368 -0.462882 0.369789 2.92984
1.75368 -0.43343 0.362965 2.93214
1.75368 -0.395952 0.352735 2.93514
1.75368 -0.372125 0.345018 2.93702
1.75368 -0.338217 0.332149 2.9395
1.75368 -0.316753 0.322857 2.94103
1.75368 -0.285922 0.307781 2.94306
1.75368 -0.265793 0.29736 2.94418
1.75368 -0.235651 0.281078 2.94542
1.75368 -0.212182 0.269136 2.946
1.75368 -0.190281 0.259169 2.94629
1.75368 -0.155672 0.246624 2.94661
1.75368 -0.128739 0.239061 2.94679
1.75368 -0.10117 0.232845 2.94698
1.75368 -0.0639287 0.225721 2.94721
1.75368 -0.0397825 0.220022 2.94751
1.75368 -0.00488907 0.210222 2.9482
1.75368 0.017655 0.203292 2.94896
1.75368 0.0516141 0.193194 2.95027
1.75368 0.074844 0.186675 2.95101
1.75368 0.0984868 0.180127 2.95161
1.75368 0.134693 0.170134 2.95219
1.75368 0.171972 0.160031 2.95225
1.75368 0.197161 0.153604 2.95212
1.75368 0.234103 0.144004 2.95182
1.75368 0.258017 0.137636 2.9517
1.75368 0.292984 0.128233 2.95185
1.75368 0.315676 0.122081 2.95223
1.75368 0.349287 0.113451 2.95309
1.75368 0.375201 0.108259 2.95378
1.75368 0.398952 0.104294 2.95427
1.75368 0.435549 0.0987718 2.9549
1.75368 0.460684 0.0953067 2.95515
1.75368 0.499504 0.0908198 2.95522
1.75368 0.525979 0.0884232 2.95512
1.75368 0.565019 0.0845271 2.95505
1.75368 0.590351 0.0815986 2.95506
1.75368 0.627348 0.076979 2.95535
1.75368 0.651361 0.0738502 2.95581
1.75368 0.687292 0.0695655 2.9566
1.75368 0.711749 0.0670449 2.95694
1.75368 0.749313 0.0633967 2.95705
1.75368 0.774999 0.0610996 2.95687
1.75368 0.814579 0.0583908 2.95628
1.75368 0.841659 0.0575408 2.9557
1.75368 0.88207 0.0565943 2.95489
1.75368 0.908447 0.0556927 2.95454
1.75368 0.947145 0.0538711 2.95436
1.75368 0.972181 0.0525976 2.9544
1.75368 1.0083 0.0508599 2.95444
1.75368 1.03229 0.0498355 2.95417
1.75368 1.06928 0.0482679 2.95349
1.75368 1.09479 0.047271 2.95289
1.75368 1.1344 0.0465712 2.95173
1.75368 1.1617 0.047257 2.95083
1.75368 1.20359 0.0504989 2.94943
1.75368 1.23557 0.0546326 2.94841
1.75368 1.27566 0.0604916 2.94713
1.75368 1.30563 0.0636541 2.94599
1.75368 1.35113 0.0651236 2.94388
1.75368 1.38147 0.06399 2.94222
1.75368 1.42678 0.0602044 2.93934
1.75368 1.45693 0.0565496 2.93719
1.75368 1.50279 0.0508781 2.93382
1.75368 1.53396 0.0481359 2.93144
1.75368 1.57974 0.0454709 2.92817
1.75368 1.60908 0.0437225 2.92605
1.75368 1.65162 0.0403066 2.92267
1.75368 1.68018 0.0370528 2.92021
1.75368 1.72406 0.0315137 2.91627
1.75368 1.75389 0.0280296 2.91337
1.75368 1.79902 0.0241839 2.9086
1.75368 1.82915 0.0227641 2.90474
1.75368 1.87433 0.0216006 2.89864
1.75368 1.90435 0.02131 2.89398
1.75368 1.94923 0.0210546 2.88627
1.75368 1.97901 0.0209872 2.88065
1.75368 2.02346 0.0211997 2.87169
1.75368 2.05282 0.0219243 2.86465
1.75368 2.09652 0.0239907 2.85245
1.75368 2.12514 0.0261809 2.84404
1.75368 2.16766 0.0301081 2.83147
1.75368 2.19516 0.0333721 2.82203
1.75368 2.22234 0.0365825 2.81197
1.75368 2.26519 0.042121 2.7943
1.75368 2.28738 0.0453245 2.78666
1.75368 2.32147 0.0515472 2.77088
1.75368 2.3441 0.0561784 2.75825
1.75368 2.37521 0.0636353 2.73717
1.75368 2.39561 0.0688301 2.72182
1.75368 2.4228 0.0764999 2.69778
1.75368 2.43789 0.0811422 2.68131
1.75368 2.46196 0.0885651 2.65538
1.75368 2.47481 0.093098 2.63742
1.75368 2.49474 0.100038 2.61006
1.75368 2.50964 0.104711 2.59193
1.75368 2.53183 0.111222 2.56373
1.75368 2.54639 0.115467 2.54419
1.75368 2.56933 0.122013 2.51231
1.75368 2.5843 0.126314 2.49258
1.75368 2.60457 0.132053 2.46282
1.75368 2.61927 0.136168 2.44308
1.75368 2.63714 0.140909 2.42125
1.75368 2.66017 0.146822 2.39271
1.75368 2.67535 0.150592 2.37369
1.75368 2.69786 0.156074 2.34518
1.75368 2.71399 0.160072 2.32687
1.75368 2.73883 0.16606 2.29776
1.75368 2.75129 0.168944 2.28202
1.75368 2.77509 0.174294 2.25419
1.75368 2.79339 0.178352 2.23319
1.75368 2.81608 0.183414 2.20513
1.75368 2.83329 0.187359 2.18637
1.75368 2.85796 0.193034 2.15754
1.75368 2.87323 0.196514 2.13829
1.75368 2.89628 0.201537 2.1091
1.75368 2.91324 0.205176 2.08981
1.75368 2.9373 0.210268 2.06075
1.75368 2.95266 0.21358 2.04143
1.75368 2.97751 0.219047 2.01235
1.75368 2.99391 0.222645 1.99325
1.75368 3.01856 0.228018 1.96459
1.75368 3.03499 0.231665 1.94511
1.75368 3.06061 0.237383 1.91556
1.75368 3.07678 0.240927 1.89601
1.75368 3.09996 0.246005 1.86734
1.75368 3.11682 0.249667 1.84772
1.75368 3.14224 0.255275 1.81802
1.75368 3.15828 0.258907 1.79833
1.75368 3.17522 0.262743 1.77854
1.75368 3.20033 0.268293 1.74865
1.75368 3.21768 0.272019 1.72873
1.75368 3.24194 0.277276 1.69901
1.75368 3.26762 0.282965 1.67007
1.75368 3.28352 0.286496 1.65086
1.75368 3.30171 0.290527 1.6313
1.75368 3.32817 0.296287 1.60087
1.75368 3.34605 0.300069 1.5807
1.75368 3.37095 0.305511 1.55146
1.75368 3.38863 0.30961 1.53245
1.75368 3.41439 0.315843 1.50386
1.75368 3.43168 0.319953 1.48468
1.75368 3.45577 0.325559 1.45628
1.75368 3.47424 0.329725 1.43714
1.75368 3.49903 0.335119 1.4087
1.75368 3.51766 0.339138 1.38979
1.75368 3.5436 0.344649 1.36098
1.75368 3.56874 0.349962 1.33204
1.75368 3.58497 0.353383 1.31325
1.75368 3.60174 0.356947 1.2948
1.75368 3.62327 0.361405 1.26719
1.75368 3.63782 0.363516 1.24912
1.75368 3.65661 0.364799 1.22358
1.75368 3.67095 0.365762 1.20717
1.75368 3.6893 0.366771 1.18318
1.75368 3.70115 0.367571 1.16825
1.75368 3.71867 0.369324 1.1469
1.75368 3.73014 0.370638 1.13322
1.75368 3.74421 0.371797 1.11428
1.75368 3.75341 0.372381 1.10257
1.75368 3.76592 0.373065 1.08566
1.75368 3.77416 0.373505 1.07491
1.75368 3.78501 0.37436 1.05951
1.75368 3.79219 0.375129 1.04953
1.75368 3.80115 0.376083 1.03568
1.75368 3.80685 0.376528 1.02728
1.75368 3.81307 0.376876 1.01621
1.75368 3.81671 0.376998 1.00969
1.75368 3.82177 0.3772 1.00084
1.75368 3.82499 0.37726 0.995534
1.75368 3.82864 0.375407 0.988594
1.75368 3.83077 0.372595 0.984653
1.75368 3.83283 0.367297 0.979877
1.75368 3.83333 0.364061 0.977156
1.75368 3.8326 0.361991 0.973874
1.75368 3.83208 0.362897 0.972113
1.75368 3.83192 0.363359 0.970334
1.75368 3.83191 0.363485 0.967995
1.75368 3.83193 0.365322 0.966993
1.75368 3.83254 0.365748 0.965851
1.75368 3.83279 0.364717 0.965154
1.75368 3.83277 0.364315 0.963914
1.75368 3.83272 0.363701 0.963048
1.75368 3.83262 0.362638 0.961904
1.75368 3.8325 0.362281 0.961307
1.75368 3.83244 0.362334 0.960503
1.75368 3.83248 0.362791 0.960155
1.75368 3.83261 0.363647 0.959976
1.75368 3.83266 0.36374 0.96001
1.75368 3.83264 0.363468 0.960042
1.75368 3.83257 0.362865 0.960076
1.75368 3.83251 0.362619 0.960085
1.75368 3.83246 0.362581 0.960074
1.75368 3.83249 0.362897 0.960063
1.75368 3.83257 0.363422 0.960047
1.75368 3.83259 0.363552 0.960038
1.75368 3.83259 0.363367 0.960029
1.75368 3.83257 0.363128 0.960025
1.75368 3.83247 0.36293 0.95995
1.75368 3.83207 0.363382 0.959713
1.75368 3.83093 0.364927 0.958765
1.75368 3.82982 0.366422 0.957558
1.75368 3.82777 0.368916 0.954531
1.75368 3.82621 0.370584 0.951716
1.75368 3.82464 0.372167 0.948522
1.75368 3.82209 0.374811 0.942676
1.75368 3.82018 0.376967 0.937954
1.75368 3.81702 0.380766 0.928848
1.75368 3.81557 0.382465 0.923371
1.75368 3.81353 0.384782 0.913714
1.75368 3.81247 0.385959 0.907237
1.75368 3.81113 0.387515 0.897606
1.75368 3.81034 0.388461 0.891232
1.75368 3.80873 0.39039 0.88186
1.75368 3.80786 0.391404 0.875662
1.75368 3.80673 0.392653 0.866316
1.75368 3.80615 0.393278 0.860265
1.75368 3.80546 0.394077 0.851602
1.75368 3.8051 0.394525 0.845935
1.75368 3.80449 0.395275 0.83777
1.75368 3.80396 0.395903 0.832249
1.75368 3.80326 0.396677 0.824148
1.75368 3.80289 0.397021 0.819017
1.75368 3.80248 0.397376 0.811888
1.75368 3.80229 0.397548 0.807458
1.75368 3.80201 0.397794 0.801265
1.75368 3.80177 0.398003 0.797396
1.75368 3.80141 0.398323 0.791818
1.75368 3.80124 0.398461 0.788501
1.75368 3.80104 0.398616 0.783681
1.75368 3.80093 0.398694 0.780567
1.75368 3.8008 0.398815 0.776168
1.75368 3.80073 0.398907 0.773259
1.75368 3.80059 0.399098 0.769121
1.75368 3.8005 0.399221 0.766475
1.75368 3.80045 0.399348 0.762737
1.75368 3.80043 0.399407 0.760355
1.75368 3.80042 0.398007 0.756986
1.75368 3.80041 0.395252 0.75489
1.75368 3.80039 0.390609 0.752242
1.75368 3.80038 0.387503 0.750597
1.75368 3.80038 0.383191 0.748184
1.75368 3.80041 0.381335 0.746582
1.75368 3.80047 0.380308 0.744049
1.75368 3.80049 0.379323 0.742232
1.75368 3.80049 0.378284 0.74082
1.75368 3.80047 0.377168 0.739485
1.75368 3.80042 0.374779 0.737565
1.75368 3.80039 0.373172 0.736326
1.75368 3.80036 0.37123 0.735023
1.75368 3.80036 0.368557 0.73339
1.75368 3.80036 0.366715 0.732365
1.75368 3.80035 0.364068 0.730824
1.75368 3.80034 0.362669 0.729824
1.75368 3.80032 0.361287 0.728401
1.75368 3.80031 0.360559 0.727515
1.75368 3.8003 0.359137 0.726236
1.75368 3.80029 0.357987 0.725413
1.75368 3.80026 0.356009 0.724295
1.75368 3.80023 0.354688 0.723647
1.75368 3.80018 0.352755 0.722726
1.75368 3.80016 0.351514 0.722129
1.75368 3.80017 0.349729 0.721225
1.75368 3.80018 0.348577 0.720631
1.75368 3.8002 0.34684 0.719789
1.75368 3.80021 0.345693 0.719236
1.75368 3.80022 0.344012 0.718355
1.75368 3.80023 0.342913 0.717794
1.75368 3.80024 0.341313 0.717095
1.75368 3.80025 0.340269 0.716646
1.75368 3.80024 0.338606 0.71593
1.75368 3.80024 0.337724 0.715551
1.75368 3.80023 0.336235 0.714947
1.75368 3.80022 0.33526 0.714591
1.75368 3.80021 0.333831 0.714106
1.75368 3.8002 0.332893 0.71379
1.75368 3.80018 0.331514 0.71335
1.75368 3.80017 0.330605 0.713064
1.75368 3.80014 0.329249 0.712667
1.75368 3.80014 0.32835 0.712421
1.75368 3.80012 0.326997 0.712074
1.75368 3.80011 0.326087 0.711857
1.75368 3.8001 0.324715 0.711556
1.75368 3.80009 0.323795 0.711362
1.75368 3.80007 0.322757 0.711145
1.75368 3.80005 0.321368 0.710869
1.75368 3.80003 0.320446 0.710688
1.75368 3.80001 0.319088 0.710419
1.75368 3.79999 0.318208 0.710249
1.75368 3.79996 0.316942 0.710021
1.75368 3.79994 0.316132 0.709867
1.75368 3.79991 0.314971 0.709641
1.75368 3.7999 0.314246 0.709474
1.75368 3.79992 0.313227 0.709212
1.75368 3.79993 0.31259 0.709045
1.75368 3.79993 0.311696 0.708796
1.75368 3.79993 0.311138 0.708625
1.75368 3.79994 0.31038 0.708376
1.75368 3.79995 0.309934 0.708194
1.75368 3.79996 0.309323 0.70792
1.75368 3.79997 0.308939 0.707734
1.75368 3.79999 0.308377 0.707455
1.75368 3.8 0.308043 0.707261
1.75368 3.80001 0.307737 0.707067
1.75368 3.80002 0.307287 0.706782
1.75368 3.80002 0.307029 0.706592
1.75368 3.80001 0.306645 0.706313
1.75368 3.80001 0.306327 0.706041
1.75368 3.80001 0.306114 0.70586
1.75368 3.80001 0.305934 0.705681
1.75368 3.80001 0.305661 0.705421
1.75368 3.80001 0.305463 0.705233
1.75368 3.8 0.305234 0.705008
1.75368 3.79999 0.305063 0.704847
1.75368 3.79996 0.304825 0.70461
1.75368 3.79995 0.304686 0.704453
1.75368 3.79995 0.304486 0.704228
1.75368 3.79995 0.304356 0.704084
1.75368 3.79994 0.304163 0.703879
1.75368 3.79993 0.304053 0.70375
1.75368 3.79991 0.303874 0.703567
1.75368 3.7999 0.303774 0.703453
1.75368 3.79989 0.303627 0.703287
1.75368 3.79989 0.30354 0.703181
1.75368 3.79988 0.303389 0.70303
1.75368 3.79987 0.303309 0.702932
1.75368 3.79987 0.303185 0.702791
1.75368 3.79988 0.303111 0.702703
1.75368 3.79992 0.302991 0.702576
1.75368 3.79995 0.302929 0.702493
1.75368 3.79997 0.302823 0.702373
1.75368 3.79998 0.302761 0.702295
1.75368 3.79999 0.302699 0.702222
1.75368 3.80001 0.302619 0.702116
1.75368 3.80002 0.30256 0.702049
1.75368 3.80004 0.302472 0.70195
1.75368 3.80005 0.302403 0.701878
1.75368 3.80004 0.302324 0.701794
1.75368 3.80002 0.302266 0.701736
1.75368 3.79999 0.302186 0.701649
1.75368 3.79999 0.302125 0.701593
1.75368 3.79999 0.302045 0.701512
1.75368 3.79999 0.301993 0.701458
1.75368 3.79997 0.301933 0.701382
1.75368 3.79994 0.301887 0.701335
1.75368 3.79992 0.301821 0.701271
1.75368 3.79992 0.301772 0.70123
1.75368 3.79993 0.301704 0.701174
1.75368 3.79993 0.301656 0.701139
1.75368 3.79991 0.301593 0.701089
1.75368 3.79989 0.301554 0.701056
1.75368 3.79987 0.301504 0.701007
1.75368 3.79987 0.301479 0.700976
1.75368 3.79989 0.301448 0.700932
1.75368 3.7999 0.301423 0.700903
1.75368 3.79989 0.301393 0.700867
1.75368 3.79988 0.301376 0.700845
1.75368 3.79985 0.301365 0.700814
1.75368 3.79984 0.301362 0.700795
1.75368 3.79982 0.301357 0.700771
1.75368 3.79981 0.301352 0.700756
1.75368 3.79978 0.301355 0.700737
1.75368 3.79976 0.301362 0.700725
1.75368 3.79973 0.301383 0.700709
1.75368 3.79971 0.301397 0.7007
1.75368 3.79968 0.301396 0.700688
1.75368 3.79968 0.301387 0.70068
1.75368 3.79968 0.301362 0.70067
1.75368 3.7997 0.301343 0.700663
1.75368 3.79974 0.301322 0.700652
1.75368 3.79978 0.301319 0.700644
1.75368 3.79982 0.301326 0.700629
1.75368 3.79984 0.301333 0.70062
1.75368 3.79988 0.301338 0.700607
1.75368 3.7999 0.30134 0.700599
1.75368 3.79992 0.301349 0.700587
1.75368 3.79993 0.301358 0.70058
1.75368 3.79995 0.301379 0.70057
1.75368 3.79997 0.301395 0.700563
1.75368 3.79999 0.301424 0.700555
1.75368 3.8 0.301444 0.700549
1.75368 3.80001 0.301474 0.700542
1.75368 3.80003 0.301495 0.700538
1.75368 3.80004 0.301515 0.700534
1.75368 3.80003 0.301546 0.700528
1.75368 3.80001 0.301573 0.700524
1.75368 3.79996 0.301625 0.700519
1.75368 3.79991 0.301664 0.700517
1.75368 3.79984 0.301717 0.700514
1.75368 3.7998 0.30175 0.700512
1.75368 3.79977 0.301798 0.70051
1.75368 3.79975 0.301834 0.700509
1.75368 3.79972 0.301909 0.700507
1.75368 3.7997 0.30196 0.700506
1.75368 3.79969 0.302012 0.700506
1.75368 3.79966 0.302082 0.700505
1.75368 3.79964 0.30212 0.700504
1.75368 3.79959 0.30215 0.700504
1.75368 3.79953 0.302166 0.700504
1.75368 3.79946 0.302176 0.700504
1.75368 3.79942 0.302172 0.700505
1.75368 3.79936 0.302154 0.700505
1.75368 3.79933 0.302137 0.700506
1.75368 3.79932 0.302126 0.700506
1.75368 3.79931 0.302109 0.700506
1.75368 3.79931 0.302102 0.700505
1.75368 3.79933 0.30209 0.700504
1.75368 3.79933 0.302073 0.700504
1.75368 3.79935 0.302036 0.700502
1.75368 3.79935 0.302007 0.7005
1.75368 3.79935 0.301971 0.700497
1.75368 3.79934 0.301963 0.700495
1.75368 3.79934 0.301965 0.700492
1.75368 3.79935 0.301977 0.70049
1.75368 3.79937 0.30201 0.700487
1.75368 3.7994 0.302037 0.700485
1.75368 3.79943 0.302071 0.700482
1.75368 3.79945 0.302467 0.70048
1.75368 3.79947 0.304727 0.700477
1.75368 3.79948 0.307227 0.700475
1.75368 3.79949 0.309888 0.700473
1.75368 3.79951 0.313874 0.70047
1.75368 3.79953 0.316506 0.700467
1.75368 3.79957 0.320449 0.700463
1.75368 3.79961 0.324548 0.700458
1.75368 3.79962 0.327444 0.700454
1.75368 3.79964 0.330364 0.70045
1.75368 3.79968 0.334714 0.700443
1.75368 3.79971 0.337608 0.700439
1.75368 3.79975 0.341986 0.700433
1.75368 3.79979 0.344964 0.700429
1.75368 3.79984 0.349436 0.700422
1.75368 3.79988 0.3524 0.700417
1.75368 3.79993 0.35673 0.700411
1.75368 3.79995 0.35949 0.700406
1.75368 3.79997 0.363402 0.700398
1.75368 3.79997 0.365879 0.700392
1.75368 3.79999 0.369374 0.700383
1.75368 3.80001 0.371547 0.700377
1.75368 3.80002 0.374565 0.700368
1.75368 3.80002 0.376423 0.700362
1.75368 3.80001 0.379001 0.700353
1.75368 3.8 0.380761 0.700347
1.75368 3.79998 0.382204 0.700341
1.75368 3.79994 0.384181 0.700332
1.75368 3.79993 0.385376 0.700327
1.75368 3.79989 0.386987 0.70032
1.75368 3.79987 0.387961 0.700315
1.75368 3.79982 0.389252 0.700308
1.75368 3.7998 0.390013 0.700303
1.75368 3.7998 0.391064 0.700298
1.75368 3.79981 0.391712 0.700296
1.75368 3.79982 0.3926 0.700291
1.75368 3.79984 0.39314 0.700288
1.75368 3.79988 0.393885 0.700283
1.75368 3.7999 0.394174 0.700278
1.75368 3.79995 0.393943 0.700273
1.75368 3.8 0.393907 0.70027
1.75368 3.80006 0.393775 0.700265
1.75368 3.80009 0.393649 0.700262
1.75368 3.80011 0.393439 0.700258
1.75368 3.80012 0.393321 0.700254
1.75368 3.80012 0.393209 0.70025
1.75368 3.80013 0.393234 0.700248
1.75368 3.80015 0.393022 0.700245
1.75368 3.80016 0.392718 0.700243
1.75368 3.80018 0.392154 0.70024
1.75368 3.80019 0.391766 0.700239
1.75368 3.80015 0.391254 0.700236
1.75368 3.80011 0.391271 0.700234
1.75368 3.80007 0.390656 0.700233
1.75368 3.80006 0.389951 0.700233
1.75368 3.80007 0.388714 0.700231
1.75368 3.80008 0.387847 0.700231
1.75368 3.80009 0.386582 0.700229
1.75368 3.80008 0.386529 0.700228
1.75368 3.80006 0.386383 0.700225
1.75368 3.80009 0.38068 0.700212
1.75368 3.80015 0.374428 0.700199
1.75368 3.80019 0.37249 0.700196
1.75368 3.80022 0.371207 0.700194
1.75368 3.80023 0.370027 0.700191
1.75368 3.80022 0.368473 0.700188
1.75368 3.80023 0.36737 0.700186
1.75368 3.80027 0.365583 0.700182
1.75368 3.80029 0.364352 0.70018
1.75368 3.80032 0.362467 0.700177
1.75368 3.80032 0.361192 0.700175
1.75368 3.80029 0.359267 0.700172
1.75368 3.80027 0.357979 0.70017
1.75368 3.80025 0.356041 0.700167
1.75368 3.80024 0.354752 0.700165
1.75368 3.80024 0.352828 0.700163
1.75368 3.80023 0.351547 0.700162
1.75368 3.80023 0.34962 0.70016
1.75368 3.80023 0.347678 0.700158
1.75368 3.80023 0.346378 0.700157
1.75368 3.80024 0.345077 0.700155
1.75368 3.80025 0.343776 0.700154
1.75368 3.80026 0.341811 0.700152
1.75368 3.80028 0.339821 0.70015
1.75368 3.80029 0.338485 0.700149
1.75368 3.80029 0.336465 0.700147
1.75368 3.80029 0.335106 0.700146
1.75368 3.80027 0.333041 0.700144
1.75368 3.80026 0.331639 0.700143
1.75368 3.80025 0.330218 0.700142
1.75368 3.80022 0.328059 0.700141
1.75368 3.8002 0.326623 0.70014
1.75368 3.80019 0.324518 0.700139
1.75368 3.80014 0.315267 0.700131
1.75368 3.80012 0.31447 0.70013
1.75368 3.80011 0.313733 0.70013
1.75368 3.80008 0.31264 0.700129
1.75368 3.80004 0.312021 0.700129
1.75368 3.79998 0.311069 0.700129
1.75368 3.79995 0.310515 0.700129
1.75368 3.79991 0.309746 0.70013
1.75368 3.7999 0.309281 0.700131
1.75368 3.79987 0.308469 0.700133
1.75368 3.79986 0.308289 0.700133
1.75368 3.79987 0.307793 0.700135
1.75368 3.79989 0.307492 0.700136
1.75368 3.79991 0.307215 0.700137
1.75368 3.79996 0.306833 0.700138
1.75368 3.79999 0.306594 0.700139
1.75368 3.80004 0.306235 0.700139
1.75368 3.80005 0.305995 0.700139
1.75368 3.80006 0.305601 0.700138
1.75368 3.80005 0.305364 0.700137
1.75368 3.80004 0.305109 0.700136
1.75368 3.80003 0.304794 0.700135
1.75368 3.80004 0.304612 0.700134
1.75368 3.80004 0.304391 0.700133
1.75368 3.80002 0.304231 0.700133
1.75368 3.79999 0.304098 0.700133
1.75368 3.79995 0.303961 0.700133
1.75368 3.79992 0.303851 0.700134
1.75368 3.7999 0.303692 0.700135
1.75368 3.79989 0.303591 0.700135
1.75368 3.7999 0.303439 0.700137
1.75368 3.7999 0.303333 0.700137
1.75368 3.79991 0.303164 0.700138
1.75368 3.79992 0.303053 0.700139
1.75368 3.79994 0.302893 0.700139
1.75368 3.79995 0.302785 0.700139
1.75368 3.79996 0.302613 0.700139
1.75368 3.79996 0.302491 0.700139
1.75368 3.79995 0.3023 0.700139
1.75368 3.79994 0.302172 0.700138
1.75368 3.79992 0.301984 0.700138
1.75368 3.7999 0.301865 0.700137
1.75368 3.7999 0.301699 0.700137
1.75368 3.7999 0.301601 0.700137
1.75368 3.79991 0.301461 0.700136
1.75368 3.79992 0.301375 0.700136
1.75368 3.79993 0.301252 0.700135
1.75368 3.79992 0.301177 0.700135
1.75368 3.79992 0.301101 0.700134
1.75368 3.79993 0.301011 0.700134
1.75368 3.79994 0.300964 0.700133
1.75368 3.79997 0.301971 0.700133
1.75368 3.8 0.303848 0.700132
1.75368 3.80004 0.30902 0.700131
1.75368 3.80005 0.310094 0.700131
1.75368 3.80006 0.31432 0.70013
1.75368 3.80005 0.317116 0.700129
1.75368 3.80004 0.324603 0.700127
1.75368 3.80004 0.324603 0.700127
1.75368 3.80004 0.329441 0.700127
1.75368 3.80005 0.332725 0.700126
1.75368 3.80005 0.337796 0.700125
1.75368 3.80005 0.341215 0.700125
1.75368 3.80005 0.346208 0.700125
1.75368 3.80004 0.349396 0.700124
1.75368 3.80003 0.353962 0.700124
1.75368 3.80003 0.356864 0.700124
1.75368 3.80002 0.36101 0.700124
1.75368 3.80002 0.36393 0.700124
1.75368 3.80003 0.367577 0.700124
1.75368 3.80005 0.369837 0.700124
1.75368 3.80005 0.372986 0.700124
1.75368 3.80004 0.374911 0.700124
1.75368 3.80002 0.376722 0.700124
1.75368 3.79998 0.379206 0.700124
1.75368 3.79995 0.38141 0.700124
1.75368 3.79993 0.38272 0.700125
1.75368 3.79993 0.384548 0.700125
1.75368 3.79993 0.385668 0.700126
1.75368 3.79993 0.387194 0.700126
1.75368 3.79993 0.3881 0.700127
1.75368 3.79991 0.390096 0.700127
1.75368 3.79991 0.39038 0.700127
1.75368 3.7999 0.390442 0.700127
1.75368 3.79988 0.39075 0.700127
1.75368 3.79989 0.391078 0.700128
1.75368 3.7999 0.39141 0.700128
1.75368 3.79991 0.391928 0.700128
1.75368 3.79992 0.3923 0.700129
1.75368 3.79994 0.392568 0.700129
1.75368 3.79997 0.39253 0.700129
1.75368 3.80001 0.392287 0.700128
1.75368 3.80003 0.392025 0.700128
1.75368 3.80003 0.391793 0.700128
1.75368 3.80003 0.391443 0.700128
1.75368 3.80002 0.39139 0.700128
1.75368 3.80001 0.391199 0.700128
1.75368 3.80002 0.390741 0.700128
1.75368 3.80006 0.389751 0.700128
1.75368 3.80008 0.389035 0.700128
1.75368 3.8001 0.387695 0.700128
1.75368 3.80009 0.387668 0.700128
1.75368 3.80007 0.387558 0.700127
1.75368 3.80007 0.386839 0.700127
1.75368 3.80007 0.385194 0.700127
1.75368 3.80007 0.383797 0.700127
1.75368 3.80007 0.382682 0.700127
1.75368 3.80004 0.380957 0.700128
1.75368 3.80001 0.381043 0.700129
1.75368 3.79998 0.379844 0.70013
1.75368 3.79997 0.37807 0.700131
1.75368 3.79997 0.374667 0.700133
1.75368 3.79996 0.371833 0.700135
1.75368 3.79994 0.369762 0.700136
1.75368 3.79992 0.368042 0.700137
1.75368 3.7999 0.368122 0.700138
1.75368 3.7999 0.3661 0.70014
1.75368 3.7999 0.364316 0.70014
1.75368 3.79991 0.362422 0.700141
1.75368 3.79992 0.359506 0.700142
1.75368 3.79993 0.357618 0.700142
1.75368 3.79992 0.356304 0.700143
1.75368 3.79992 0.355465 0.700143
1.75368 3.79993 0.353507 0.700143
1.75368 3.79994 0.352044 0.700143
1.75368 3.79994 0.350546 0.700143
1.75368 3.79992 0.348244 0.700144
1.75368 3.79988 0.345924 0.700144
1.75368 3.79984 0.343616 0.700144
1.75368 3.79984 0.342846 0.700145
1.75368 3.79982 0.340533 0.700145
1.75368 3.79982 0.338985 0.700146
1.75368 3.79984 0.336644 0.700147
1.75368 3.79985 0.335068 0.700147
1.75368 3.79985 0.332697 0.700148
1.75368 3.79984 0.33052 0.700148
1.75368 3.79983 0.328339 0.700149
1.75368 3.79982 0.326956 0.700149
1.75368 3.79979 0.324635 0.70015
1.75368 3.79978 0.323145 0.70015
1.75368 3.79977 0.321025 0.700151
1.75368 3.79976 0.318915 0.700153
1.75368 3.79976 0.31785 0.700154
1.75368 3.79977 0.316704 0.700154
1.75368 3.79979 0.315096 0.700156
1.75368 3.79981 0.314103 0.700156
1.75368 3.79984 0.312605 0.700157
1.75368 3.79987 0.311863 0.700158
1.75368 3.79991 0.310666 0.700158
1.75368 3.79993 0.309927 0.700157
1.75368 3.79996 0.309703 0.700156
1.75368 3.8 0.309884 0.700155
1.75368 3.80002 0.30993 0.700154
1.75368 3.80003 0.309978 0.700153
1.75368 3.80004 0.310033 0.700153
1.75368 3.80004 0.310085 0.700152
1.75368 3.80004 0.310455 0.700152
1.75368 3.80004 0.310731 0.700151
1.75368 3.80003 0.311116 0.700151
1.75368 3.8 0.311484 0.700151
1.75368 3.79998 0.311723 0.700151
1.75368 3.79995 0.311957 0.700151
1.75368 3.79992 0.3123 0.700152
1.75368 3.79991 0.312521 0.700152
1.75368 3.7999 0.312838 0.700153
1.75368 3.79989 0.313036 0.700153
1.75368 3.79988 0.313228 0.700154
1.75368 3.79987 0.313509 0.700154
1.75368 3.79987 0.313697 0.700154
1.75368 3.79987 0.313983 0.700155
1.75368 3.79987 0.31427 0.700155
1.75368 3.79988 0.314461 0.700155
1.75368 3.79989 0.314652 0.700155
1.75368 3.7999 0.314932 0.700155
1.75368 3.7999 0.315112 0.700155
1.75368 3.79989 0.31538 0.700154
1.75368 3.79987 0.315564 0.700154
1.75368 3.79984 0.315847 0.700155
1.75368 3.79983 0.316039 0.700155
1.75368 3.79982 0.316317 0.700156
1.75368 3.79982 0.316491 0.700157
1.75368 3.79981 0.316737 0.700158
1.75368 3.79981 0.316892 0.700159
1.75368 3.7998 0.317118 0.70016
1.75368 3.7998 0.317264 0.700161
1.75368 3.79981 0.317485 0.700161
1.75368 3.79983 0.31764 0.700162
1.75368 3.79985 0.317802 0.700162
1.75368 3.7999 0.31812 0.700163
1.75368 3.79991 0.318199 0.700162
1.75368 3.79994 0.318439 0.700162
1.75368 3.79995 0.318603 0.700161
1.75368 3.79996 0.318836 0.700161
1.75368 3.79997 0.318984 0.70016
1.75368 3.79997 0.319182 0.700159
1.75368 3.79998 0.319298 0.700158
1.75368 3.79998 0.319456 0.700157
1.75368 3.79999 0.319552 0.700156
1.75368 3.8 0.319695 0.700155
1.75368 3.80001 0.319795 0.700154
1.75368 3.80001 0.319957 0.700153
1.75368 3.80002 0.32007 0.700152
1.75368 3.80002 0.320247 0.700151
1.75368 3.80002 0.320361 0.700151
1.75368 3.80002 0.320508 0.70015
1.75368 3.80002 0.320586 0.70015
1.75368 3.80002 0.320682 0.700149
1.75368 3.80001 0.320742 0.700148
1.75368 3.8 0.32081 0.700148
1.75368 3.80001 0.320846 0.700147
1.75368 3.80001 0.32086 0.700146
1.75368 3.80002 0.320872 0.700146
1.75368 3.80004 0.320899 0.700144
1.75368 3.80006 0.32093 0.700144
1.75368 3.8001 0.320976 0.700142
1.75368 3.80012 0.321039 0.700141
1.75368 3.80012 0.321087 0.70014
1.75368 3.80009 0.321153 0.700139
1.75368 3.80006 0.321187 0.700139
1.75368 3.80002 0.321228 0.700138
1.75368 3.80001 0.321251 0.700138
1.75368 3.79999 0.321279 0.700138
1.75368 3.79999 0.321285 0.700138
1.75368 3.79999 0.321276 0.700138
1.75368 3.79999 0.321267 0.700138
1.75368 3.80001 0.321258 0.700138
1.75368 3.80002 0.321258 0.700138
1.75368 3.80004 0.321267 0.700137
1.75368 3.80005 0.321278 0.700136
1.75368 3.80008 0.321313 0.700135
1.75368 3.80009 0.321349 0.700135
1.75368 3.80009 0.321407 0.700134
1.75368 3.80008 0.321446 0.700133
1.75368 3.80007 0.321492 0.700133
1.75368 3.80007 0.32151 0.700132
1.75368 3.80006 0.321535 0.700132
1.75368 3.80005 0.321541 0.700132
1.75368 3.80005 0.321549 0.700131
1.75368 3.80003 0.321559 0.700131
1.75368 3.80002 0.32156 0.700131
1.75368 3.80003 0.321551 0.700131
1.75368 3.80004 0.321537 0.700131
1.75368 3.80004 0.321505 0.70013
1.75368 3.80004 0.321479 0.70013
1.75368 3.80004 0.321435 0.700129
1.75368 3.80003 0.321407 0.700129
1.75368 3.80004 0.321371 0.700128
1.75368 3.80004 0.321357 0.700128
1.75368 3.80005 0.32136 0.700127
1.75368 3.80006 0.321375 0.700127
1.75368 3.80008 0.321407 0.700126
1.75368 3.80009 0.321435 0.700126
1.75368 3.80009 0.321491 0.700125
1.75368 3.80009 0.321545 0.700125
1.75368 3.80008 0.321591 0.700125
1.75368 3.80008 0.321639 0.700125
1.75368 3.80006 0.321718 0.700125
1.75368 3.80005 0.321764 0.700125
1.75368 3.80003 0.321812 0.700126
1.75368 3.80002 0.321832 0.700126
1.75368 3.8 0.321868 0.700128
1.75368 3.8 0.321875 0.700128
1.75368 3.8 0.321905 0.700129
1.75368 3.8 0.321937 0.700129
1.75368 3.79999 0.321996 0.70013
1.75368 3.79998 0.322042 0.70013
1.75368 3.79997 0.32208 0.700131
1.75368 3.79996 0.322122 0.700132
1.75368 3.79996 0.322131 0.700133
1.75368 3.79996 0.322123 0.700133
1.75368 3.79996 0.322102 0.700134
1.75368 3.79997 0.322085 0.700134
1.75368 3.79998 0.322043 0.700134
1.75368 3.8 0.321993 0.700134
1.75368 3.80001 0.321956 0.700134
1.75368 3.80001 0.321923 0.700134
1.75368 3.80001 0.321882 0.700133
1.75368 3.80001 0.321859 0.700133
1.75368 3.80002 0.321837 0.700132
1.75368 3.80004 0.321828 0.700132
1.75368 3.80006 0.321828 0.700132
1.75368 3.80008 0.321834 0.700131
1.75368 3.80012 0.32185 0.70013
1.75368 3.80015 0.321865 0.700129
1.75368 3.80017 0.321897 0.700128
1.75368 3.80017 0.32193 0.700128
1.75368 3.80015 0.321994 0.700127
1.75368 3.80014 0.322046 0.700127
1.75368 3.80013 0.322098 0.700126
1.75368 3.80015 0.322174 0.700126
1.75368 3.80017 0.322224 0.700126
1.75368 3.8002 0.322282 0.700125
1.75368 3.80022 0.32232 0.700125
1.75368 3.80023 0.322376 0.700124
1.75368 3.80025 0.322413 0.700123
1.75368 3.80027 0.322454 0.700122
1.75368 3.80028 0.322464 0.700121
1.75368 3.8003 0.322474 0.70012
1.75368 3.8003 0.322488 0.700119
1.75368 3.8003 0.32252 0.700117
1.75368 3.80029 0.322544 0.700117
1.75368 3.80028 0.322582 0.700116
1.75368 3.80027 0.322611 0.700116
1.75368 3.80024 0.322658 0.700115
1.75368 3.80021 0.322685 0.700116
1.75368 3.80016 0.322711 0.700116
1.75368 3.80014 0.322723 0.700117
1.75368 3.80013 0.322738 0.700117
1.75368 3.80013 0.322743 0.700118
1.75368 3.80015 0.322737 0.700118
1.75368 3.80016 0.322731 0.700118
1.75368 3.80016 0.322731 0.700118
1.75368 3.80016 0.32273 0.700118
1.75368 3.80016 0.322729 0.700117
1.75368 3.80015 0.32273 0.700117
1.75368 3.80016 0.322735 0.700117
1.75368 3.80015 0.322737 0.700117
1.75368 3.80013 0.322733 0.700117
1.75368 3.80011 0.322726 0.700117
1.75368 3.80008 0.322715 0.700117
1.75368 3.80007 0.32271 0.700118
1.75368 3.80006 0.322702 0.700118
1.75368 3.80007 0.322701 0.700118
1.75368 3.80009 0.322697 0.700119
1.75368 3.80011 0.322688 0.700119
1.75368 3.80013 0.322656 0.700118
1.75368 3.80015 0.322626 0.700118
1.75368 3.80019 0.322569 0.700117
1.75368 3.80023 0.322531 0.700116
1.75368 3.80027 0.322479 0.700115
1.75368 3.80029 0.322455 0.700114
1.75368 3.80032 0.322442 0.700112
1.75368 3.80033 0.322448 0.700111
1.75368 3.80035 0.322458 0.70011
1.75368 3.80038 0.322474 0.700109
1.75368 3.80041 0.322482 0.700108
1.75368 3.80045 0.322498 0.700106
1.75368 3.80046 0.322511 0.700105
1.75368 3.80048 0.322526 0.700103
1.75368 3.80048 0.322528 0.700102
1.75368 3.80048 0.32252 0.700101
1.75368 3.80047 0.322509 0.7001
1.75368 3.80045 0.322498 0.700099
1.75368 3.80042 0.322504 0.700098
1.75368 3.80041 0.322515 0.700098
1.75368 3.80039 0.322536 0.700097
1.75368 3.80039 0.322552 0.700097
1.75368 3.8004 0.322587 0.700097
1.75368 3.80042 0.322617 0.700097
1.75368 3.80045 0.322648 0.700096
1.75368 3.80047 0.322689 0.700095
1.75368 3.80047 0.32271 0.700095
1.75368 3.80047 0.322737 0.700094
1.75368 3.80046 0.322749 0.700093
1.75368 3.80042 0.322762 0.700093
1.75368 3.80041 0.322764 0.700092
1.75368 3.80039 0.322774 0.700092
1.75368 3.80037 0.322787 0.700092
1.75368 3.80034 0.32282 0.700093
1.75368 3.80029 0.322871 0.700093
1.75368 3.80025 0.322911 0.700094
1.75368 3.80019 0.322951 0.700095
1.75368 3.80009 0.322985 0.700097
1.75368 3.80005 0.322996 0.700099
1.75368 3.80003 0.323014 0.700102
1.75368 3.80003 0.32303 0.700105
1.75368 3.80002 0.323069 0.700108
1.75368 3.80001 0.323122 0.70011
1.75368 3.79999 0.323197 0.700113
1.75368 3.79999 0.323247 0.700114
1.75368 3.80001 0.323327 0.700116
1.75368 3.80003 0.323391 0.700116
1.75368 3.80007 0.323498 0.700117
1.75368 3.80011 0.323568 0.700118
1.75368 3.80017 0.323664 0.700118
1.75368 3.80021 0.323717 0.700117
1.75368 3.80026 0.323773 0.700117
1.75368 3.80028 0.323798 0.700117
1.75368 3.80032 0.323816 0.700116
1.75368 3.80036 0.323824 0.700116
1.75368 3.80042 0.323835 0.700115
1.75368 3.80047 0.323835 0.700114
1.75368 3.80053 0.323822 0.700112
1.75368 3.80057 0.323816 0.700111
1.75368 3.80062 0.323812 0.700109
1.75368 3.80066 0.323814 0.700107
1.75368 3.80069 0.323816 0.700106
1.75368 3.80075 0.323809 0.700104
1.75368 3.80081 0.323793 0.700102
1.75368 3.80086 0.323768 0.7001
1.75368 3.80094 0.323714 0.700097
1.75368 3.80098 0.323679 0.700094
1.75368 3.80103 0.323639 0.700091
1.75368 3.80105 0.323625 0.700089
1.75368 3.80106 0.323616 0.700086
1.75368 3.80106 0.323617 0.700084
1.75368 3.80104 0.323617 0.700082
1.75368 3.80102 0.32361 0.70008
1.75368 3.80097 0.323588 0.700079
1.75368 3.80092 0.323564 0.700078
1.75368 3.80084 0.323524 0.700077
1.75368 3.80078 0.323501 0.700077
1.75368 3.80069 0.323472 0.700077
1.75368 3.80063 0.323452 0.700078
1.75368 3.80055 0.323418 0.700079
1.75368 3.8005 0.323412 0.70008
1.75368 3.80043 0.323415 0.700082
1.75368 3.8004 0.32342 0.700083
1.75368 3.80035 0.323417 0.700085
1.75368 3.80032 0.323408 0.700086
1.75368 3.80028 0.323384 0.700088
1.75368 3.80025 0.323366 0.700089
1.75368 3.80021 0.323351 0.70009
1.75368 3.80018 0.323335 0.700092
1.75368 3.80017 0.323321 0.700093
1.75368 3.80017 0.323299 0.700094
1.75368 3.80018 0.323282 0.700095
1.75368 3.80019 0.323248 0.700096
1.75368 3.8002 0.323222 0.700096
1.75368 3.8002 0.323191 0.700097
1.75368 3.8002 0.323178 0.700097
1.75368 3.8002 0.323168 0.700098
1.75368 3.8002 0.323166 0.700098
1.75368 3.80019 0.323166 0.700098
1.75368 3.80019 0.323166 0.700099
1.75368 3.80021 0.323168 0.700099
1.75368 3.80023 0.323169 0.700099
1.75368 3.80026 0.323165 0.700099
1.75368 3.80028 0.323153 0.700099
1.75368 3.80032 0.323063 0.700098
1.75368 3.80032 0.323063 0.700098
1.75368 3.80034 0.32298 0.700097
1.75368 3.80035 0.322961 0.700097
1.75368 3.80036 0.322908 0.700096
1.75368 3.80038 0.322885 0.700096
1.75368 3.80039 0.322872 0.700095
1.75368 3.80039 0.32288 0.700095
1.75368 3.80037 0.322901 0.700094
1.75368 3.80036 0.322921 0.700094
1.75368 3.80035 0.322942 0.700094
1.75368 3.80033 0.32297 0.700094
1.75368 3.80031 0.322992 0.700094
1.75368 3.80027 0.323036 0.700095
1.75368 3.80022 0.323094 0.700096
1.75368 3.80016 0.323163 0.700097
1.75368 3.80012 0.323217 0.700098
1.75368 3.80009 0.323264 0.7001
1.75368 3.80008 0.3233 0.700102
1.75368 3.80008 0.323313 0.700103
1.75368 3.80007 0.323332 0.700105
1.75368 3.80006 0.323351 0.700106
1.75368 3.80007 0.323353 0.700107
1.75368 3.80011 0.323343 0.700108
1.75368 3.80014 0.323328 0.700108
1.75368 3.80018 0.323308 0.700108
1.75368 3.8002 0.323302 0.700107
1.75368 3.8002 0.323301 0.700107
1.75368 3.80021 0.323307 0.700107
1.75368 3.80021 0.323319 0.700107
1.75368 3.80021 0.323354 0.700106
1.75368 3.80021 0.323388 0.700106
1.75368 3.80021 0.323452 0.700106
1.75368 3.80022 0.323498 0.700106
1.75368 3.80023 0.323553 0.700106
1.75368 3.80023 0.323589 0.700106
1.75368 3.80023 0.323637 0.700105
1.75368 3.80021 0.323674 0.700105
1.75368 3.80019 0.323715 0.700105
1.75368 3.80017 0.323744 0.700105
1.75368 3.80014 0.323796 0.700105
1.75368 3.80012 0.323832 0.700105
1.75368 3.80009 0.323883 0.700106
1.75368 3.80007 0.323926 0.700107
1.75368 3.80006 0.323969 0.700107
1.75368 3.80004 0.324037 0.700108
1.75368 3.80003 0.324082 0.700108
1.75368 3.80001 0.324133 0.700109
1.75368 3.8 0.324155 0.700109
1.75368 3.79996 0.324176 0.70011
1.75368 3.79994 0.32419 0.700111
1.75368 3.79991 0.324218 0.700112
1.75368 3.79988 0.32424 0.700113
1.75368 3.79983 0.32428 0.700115
1.75368 3.7998 0.324309 0.700116
1.75368 3.79977 0.324357 0.700118
1.75368 3.79976 0.324392 0.700119
1.75368 3.79976 0.324439 0.700121
1.75368 3.79976 0.324456 0.700122
1.75368 3.79978 0.324465 0.700123
1.75368 3.79979 0.324462 0.700124
1.75368 3.79981 0.32445 0.700125
1.75368 3.79982 0.324434 0.700125
1.75368 3.79985 0.324409 0.700126
1.75368 3.79986 0.324395 0.700126
1.75368 3.7999 0.324381 0.700126
1.75368 3.79993 0.324373 0.700126
