  6               6.9338960e+000  5.8341900e-001
  3.8319760e+000  6.9806720e+000  4.9172800e-001
  3.7501110e+000  7.0161790e+000  4.8426100e-001
  3.6255720e+000  7.1627240e+000  4.5846000e-001
  3.5894260e+000  7.2498910e+000  4.4393100e-001
  3.5303170e+000  7.4312340e+000  4.1405300e-001
  3.5060000e+000  7.5231430e+000  4.0000000e-001
  3.5060000e+000  8.1990000e+000  4.0000000e-001
  3.5060000e+000  8.1990000e+000  4.0000000e-001
  3.4598980e+000  8.5592920e+000  4.9409300e-001
  3.4581400e+000  8.6497500e+000  5.1726800e-001
  3.5612190e+000  9.2875010e+000  6.7538600e-001
  3.6012140e+000  9.3624680e+000  6.9270000e-001
  3.8710840e+000  9.4916320e+000  7.1335600e-001
  3.9657430e+000  9.5128660e+000  7.1485200e-001
  4.7596390e+000  9.5128180e+000  6.8486500e-001
  4.8585930e+000  9.5064050e+000  6.8050800e-001
  9.0023720e+000  8.9874260e+000  4.7412900e-001
  9.0961730e+000  8.9574780e+000  4.6824400e-001
  9.2315210e+000  8.8119020e+000  4.5349400e-001
  9.6184730e+000  8.2341290e+000  4.0306600e-001
  9.6360800e+000  8.1488070e+000  4.0963600e-001
  9.6154680e+000  7.9740410e+000  4.4318800e-001
  9.5021030e+000  7.0128270e+000  6.2772300e-001
  9.4117270e+000  7.0006080e+000  6.2750600e-001
  7.5176870e+000  6.9345140e+000  5.8582400e-001
  7.4180450e+000  6.9338960e+000  5.8341900e-001
  6               6.9338960e+000  5.8341900e-001
  6               6.9338960e+000  5.8341900e-001

